2013-04-10,428.10,437.06,426.01,435.69,13415800,435.69
2013-04-09,426.36,428.50,422.75,426.98,10950500,426.98
2013-04-08,424.85,427.50,422.49,426.21,10743900,426.21
2013-04-05,424.50,424.95,419.68,423.20,13677700,423.20
2013-04-04,433.76,435.00,425.25,427.72,12801700,427.72
2013-04-03,431.37,437.28,430.31,431.99,12972000,431.99
2013-04-02,427.60,438.14,426.40,429.79,18911400,429.79
2013-04-01,441.90,443.70,427.74,428.91,13919000,428.91
2013-03-28,449.82,451.82,441.62,442.66,15815700,442.66
2013-03-27,456.46,456.80,450.73,452.08,11829900,452.08
2013-03-26,465.44,465.84,460.53,461.14,10510500,461.14
2013-03-25,464.69,469.95,461.78,463.58,17897700,463.58
2013-03-22,454.58,462.10,453.11,461.91,14110900,461.91
2013-03-21,450.22,457.98,450.10,452.73,13687700,452.73
2013-03-20,457.42,457.63,449.59,452.08,11023600,452.08
2013-03-19,459.50,460.97,448.50,454.49,18813400,454.49
2013-03-18,441.45,457.46,441.20,455.72,21649900,455.72
2013-03-15,437.93,444.23,437.25,443.66,22998600,443.66
2013-03-14,432.83,434.64,430.45,432.50,10852700,432.50
2013-03-13,428.45,434.50,425.36,428.35,14483900,428.35
2013-03-12,435.60,438.88,427.57,428.43,16639700,428.43
2013-03-11,429.75,439.01,425.14,437.87,16937000,437.87
2013-03-08,429.80,435.43,428.61,431.72,13981500,431.72
2013-03-07,424.50,432.01,421.06,430.58,16731200,430.58
2013-03-06,434.51,435.25,424.43,425.66,16437500,425.66
2013-03-05,421.48,435.19,420.75,431.14,22801200,431.14
2013-03-04,427.80,428.20,419.00,420.05,20812700,420.05
2013-03-01,438.00,438.18,429.98,430.47,19730300,430.47
2013-02-28,444.05,447.87,441.40,441.40,11518400,441.40
2013-02-27,448.43,452.44,440.65,444.57,20976800,444.57
2013-02-26,443.82,451.54,437.66,448.97,17910700,448.97
2013-02-25,453.85,455.12,442.57,442.80,13306400,442.80
2013-02-22,449.25,451.60,446.60,450.81,11809100,450.81
2013-02-21,446.00,449.17,442.82,446.06,15970800,446.06
2013-02-20,457.69,457.69,448.80,448.85,17010800,448.85
2013-02-19,461.10,462.73,453.85,459.99,15563700,459.99
2013-02-15,468.85,470.16,459.92,460.16,13990900,460.16
2013-02-14,464.52,471.64,464.02,466.59,12688400,466.59
2013-02-13,467.21,473.64,463.22,467.01,16971700,467.01
2013-02-12,479.51,482.38,467.74,467.90,21751900,467.90
2013-02-11,476.50,484.94,473.25,479.93,18481800,479.93
2013-02-08,474.00,478.81,468.25,474.98,22612800,474.98
2013-02-07,463.25,470.00,454.12,468.22,25163600,468.22
2013-02-06,456.47,466.50,452.58,457.35,21203800,454.70
2013-02-05,444.05,459.74,442.22,457.84,20476700,455.19
2013-02-04,453.91,455.94,442.00,442.32,17039900,439.76
2013-02-01,459.11,459.48,448.35,453.62,19267300,450.99
2013-01-31,456.98,459.28,454.98,455.49,11404800,452.85
2013-01-30,457.00,462.60,454.50,456.83,14898400,454.18
2013-01-29,458.50,460.20,452.12,458.27,20398500,455.61
2013-01-28,437.83,453.21,435.86,449.83,28054200,447.22
2013-01-25,451.69,456.23,435.00,439.88,43143800,437.33
2013-01-24,460.00,465.73,450.25,450.50,52173300,447.89
2013-01-23,508.81,514.99,504.77,514.01,30768200,511.03
2013-01-22,504.56,507.88,496.63,504.77,16483800,501.85
2013-01-18,498.52,502.22,496.40,500.00,16890100,497.10
2013-01-17,510.31,510.75,502.03,502.68,16202800,499.77
2013-01-16,494.64,509.44,492.50,506.09,24671600,503.16
2013-01-15,498.30,498.99,483.38,485.92,31313300,483.10
2013-01-14,502.68,507.50,498.51,501.75,26221700,498.84
2013-01-11,521.00,525.32,519.02,520.30,12518100,517.29
2013-01-10,528.55,528.72,515.52,523.51,21469500,520.48
2013-01-09,522.50,525.01,515.99,517.10,14557300,514.10
2013-01-08,529.21,531.89,521.25,525.31,16382400,522.27
2013-01-07,522.00,529.30,515.20,523.90,17291300,520.86
2013-01-04,536.97,538.63,525.83,527.00,21226200,523.95
2013-01-03,547.88,549.67,541.00,542.10,12605900,538.96
2013-01-02,553.82,555.00,541.63,549.03,20018500,545.85
2012-12-31,510.53,535.40,509.00,532.17,23553300,529.09
2012-12-28,510.29,514.48,508.12,509.59,12652800,506.64
2012-12-27,513.54,516.25,504.66,515.06,16254300,512.08
2012-12-26,519.00,519.46,511.12,513.00,10801300,510.03
2012-12-24,520.35,524.25,518.71,520.17,6276900,517.16
2012-12-21,512.47,519.67,510.24,519.33,21295300,516.32
2012-12-20,530.00,530.20,518.88,521.73,17203200,518.71
2012-12-19,531.47,533.70,525.50,526.31,16048900,523.26
2012-12-18,525.00,534.90,520.25,533.90,22345900,530.81
2012-12-17,508.93,520.00,501.23,518.83,27057400,515.82
2012-12-14,514.75,518.13,505.58,509.79,36056400,506.84
2012-12-13,531.15,537.64,525.80,529.69,22330700,526.62
2012-12-12,547.77,548.00,536.27,539.00,17398000,535.88
2012-12-11,539.77,549.56,537.37,541.39,21155200,538.25
2012-12-10,525.00,538.51,521.58,529.82,22517300,526.75
2012-12-07,553.40,555.20,530.00,533.25,28108600,530.16
2012-12-06,528.94,553.31,518.63,547.24,42043300,544.07
2012-12-05,568.91,569.25,538.77,538.79,37308500,535.67
2012-12-04,581.80,581.80,572.13,575.85,19895300,572.51
2012-12-03,593.65,594.59,585.50,586.19,13010000,582.79
2012-11-30,586.79,588.40,582.68,585.28,13975700,581.89
2012-11-29,590.22,594.25,585.25,589.36,18382100,585.95
2012-11-28,577.27,585.80,572.26,582.94,18602300,579.56
2012-11-27,589.55,590.42,580.10,584.78,19047500,581.39
2012-11-26,575.90,590.00,573.71,589.53,22520700,586.11
2012-11-23,567.17,572.00,562.60,571.50,9743800,568.19
2012-11-21,564.25,567.37,556.60,561.70,13321500,558.45
2012-11-20,571.91,571.95,554.58,560.91,22955500,557.66
2012-11-19,540.71,567.50,539.88,565.73,29404200,562.45
2012-11-16,525.20,530.00,505.75,527.68,45246200,524.62
2012-11-15,537.53,539.50,522.62,525.62,28211100,522.57
2012-11-14,545.50,547.45,536.18,536.88,17041800,533.77
2012-11-13,538.91,550.48,536.36,542.90,19033900,539.75
2012-11-12,554.15,554.50,538.65,542.83,18421500,539.68
2012-11-09,540.42,554.88,533.72,547.06,33211200,543.89
2012-11-08,560.63,562.23,535.29,537.75,37719500,534.63
2012-11-07,573.84,574.54,555.75,558.00,28344600,554.77
2012-11-06,590.23,590.74,580.09,582.85,13389900,576.84
2012-11-05,583.52,587.77,577.60,584.62,18897700,578.59
2012-11-02,595.89,596.95,574.75,576.80,21406200,570.85
2012-11-01,598.22,603.00,594.17,596.54,12903500,590.39
2012-10-31,594.88,601.96,587.70,595.32,18214400,589.18
2012-10-26,609.43,614.00,591.00,604.00,36372600,597.77
2012-10-25,620.00,622.00,605.55,609.54,23440200,603.25
2012-10-24,621.44,626.55,610.64,616.83,19947400,610.47
2012-10-23,631.00,633.90,611.70,613.36,25255200,607.03
2012-10-22,612.42,635.38,610.76,634.03,19526100,627.49
2012-10-19,631.05,631.77,609.62,609.84,26574500,603.55
2012-10-18,639.59,642.06,630.00,632.64,17022300,626.11
2012-10-17,648.87,652.79,644.00,644.61,13894200,637.96
2012-10-16,635.37,650.30,631.00,649.79,19634700,643.09
2012-10-15,632.35,635.13,623.85,634.76,15446500,628.21
2012-10-12,629.56,635.38,625.30,629.71,16429100,623.21
2012-10-11,646.50,647.20,628.10,628.10,19502900,621.62
2012-10-10,639.74,644.98,637.00,640.91,18227000,634.30
2012-10-09,638.65,640.49,623.55,635.85,29949900,629.29
2012-10-08,646.88,647.56,636.11,638.17,22785500,631.59
2012-10-05,665.20,666.00,651.28,652.59,21214500,645.86
2012-10-04,671.25,674.25,665.55,666.80,13240200,659.92
2012-10-03,664.86,671.86,662.63,671.45,15152900,664.52
2012-10-02,661.81,666.35,650.65,661.31,22428300,654.49
2012-10-01,671.16,676.75,656.50,659.39,19414100,652.59
2012-09-28,678.75,681.11,666.75,667.10,19111100,660.22
2012-09-27,664.29,682.17,660.35,681.32,21217500,674.29
2012-09-26,668.74,672.69,661.20,665.18,20589400,658.32
2012-09-25,688.26,692.78,673.00,673.54,18528200,666.59
2012-09-24,686.86,695.12,683.00,690.79,22848800,683.66
2012-09-21,702.41,705.07,699.36,700.09,20413900,692.87
2012-09-20,699.16,700.06,693.62,698.70,12020300,691.49
2012-09-19,700.26,703.99,699.57,702.10,11674100,694.86
2012-09-18,699.88,702.33,696.42,701.91,13339400,694.67
2012-09-17,699.35,699.80,694.61,699.78,14215400,692.56
2012-09-14,689.96,696.98,687.89,691.28,21445500,684.15
2012-09-13,677.37,685.50,674.77,682.98,21370000,675.94
2012-09-12,666.85,669.90,656.00,669.79,25436900,662.88
2012-09-11,665.11,670.10,656.50,660.59,17999400,653.78
2012-09-10,680.45,683.29,662.10,662.74,17428500,655.90
2012-09-07,678.05,682.48,675.77,680.44,11773800,673.42
2012-09-06,673.17,678.29,670.80,676.27,13971300,669.29
2012-09-05,675.57,676.35,669.60,670.23,12013400,663.32
2012-09-04,665.76,675.14,664.50,674.97,13139000,668.01
2012-08-31,667.25,668.60,657.25,665.24,12082900,658.38
2012-08-30,670.64,671.55,662.85,663.87,10810700,657.02
2012-08-29,675.25,677.67,672.60,673.47,7243100,666.52
2012-08-28,674.98,676.10,670.67,674.80,9550600,667.84
2012-08-27,679.99,680.87,673.54,675.68,15250300,668.71
2012-08-24,659.51,669.48,655.55,663.22,15619300,656.38
2012-08-23,666.11,669.90,661.15,662.63,15004600,655.80
2012-08-22,654.42,669.00,648.11,668.87,20190100,661.97
2012-08-21,670.82,674.88,650.33,656.06,29025700,649.29
2012-08-20,650.01,665.15,649.90,665.15,21906600,658.29
2012-08-17,640.00,648.19,638.81,648.11,15812900,641.43
2012-08-16,631.21,636.76,630.50,636.34,9090500,629.78
2012-08-15,631.30,634.00,627.75,630.83,9190800,624.32
2012-08-14,631.87,638.61,630.21,631.69,12148900,625.17
2012-08-13,623.39,630.00,623.25,630.00,9958300,623.50
2012-08-10,618.71,621.76,618.70,621.70,6962100,615.29
2012-08-09,617.85,621.73,617.80,620.73,7915800,614.33
2012-08-08,619.39,623.88,617.10,619.86,8739500,610.84
2012-08-07,622.77,625.00,618.04,620.91,10373100,611.88
2012-08-06,617.29,624.87,615.26,622.55,10789400,613.49
2012-08-03,613.63,617.98,611.56,615.70,12318600,606.74
2012-08-02,602.84,610.69,600.25,607.79,11862800,598.95
2012-08-01,615.91,616.40,603.00,606.81,13732200,597.98
2012-07-31,603.23,611.70,602.72,610.76,16511700,601.88
2012-07-30,590.92,599.44,587.82,595.03,13540800,586.37
2012-07-27,575.01,585.83,571.59,585.16,14426300,576.65
2012-07-26,579.76,580.40,570.36,574.88,14522600,566.52
2012-07-25,574.46,580.80,570.00,574.97,31332600,566.61
2012-07-24,607.38,609.68,598.51,600.92,20183300,592.18
2012-07-23,594.40,605.90,587.71,603.83,17427700,595.05
2012-07-20,613.03,614.44,603.70,604.30,14195400,595.51
2012-07-19,611.28,615.35,606.00,614.32,15602200,605.38
2012-07-18,606.59,608.34,603.56,606.26,9025000,597.44
2012-07-17,610.79,611.50,603.15,606.94,10486600,598.11
2012-07-16,605.12,611.62,605.02,606.91,10759300,598.08
2012-07-13,602.95,607.19,600.00,604.97,11122400,596.17
2012-07-12,600.24,603.47,592.68,598.90,15287200,590.19
2012-07-11,606.12,607.66,597.22,604.43,16761500,595.64
2012-07-10,617.97,619.87,605.31,608.21,18284200,599.36
2012-07-09,605.30,613.90,604.11,613.89,13550200,604.96
2012-07-06,607.09,608.44,601.58,605.88,14961800,597.07
2012-07-05,600.56,614.34,599.65,609.94,17299400,601.07
2012-07-03,594.88,600.00,594.00,599.41,8632600,590.69
2012-07-02,584.73,593.47,583.60,592.52,14289000,583.90
2012-06-29,578.00,584.00,574.25,584.00,15053600,575.51
2012-06-28,571.67,574.00,565.61,569.05,10101300,560.77
2012-06-27,575.00,576.74,571.92,574.50,7249900,566.14
2012-06-26,571.33,574.49,567.33,572.03,9876300,563.71
2012-06-25,577.30,579.80,570.37,570.77,10870800,562.47
2012-06-22,579.04,582.19,575.42,582.10,10159700,573.63
2012-06-21,585.44,588.22,577.44,577.67,11655400,569.27
2012-06-20,588.21,589.25,580.80,585.74,12819400,577.22
2012-06-19,583.40,590.00,583.10,587.41,12907300,578.87
2012-06-18,570.96,587.89,570.37,585.78,15729000,577.26
2012-06-15,571.00,574.62,569.55,574.13,11973400,565.78
2012-06-14,571.24,573.50,567.26,571.53,12341900,563.22
2012-06-13,574.52,578.48,570.38,572.16,10485000,563.84
2012-06-12,574.46,576.62,566.70,576.16,15549300,567.78
2012-06-11,587.72,588.50,570.63,571.17,21116600,562.86
2012-06-08,571.60,580.58,569.00,580.32,12411300,571.88
2012-06-07,577.29,577.32,570.50,571.72,13563100,563.40
2012-06-06,567.77,573.85,565.50,571.46,14337700,563.15
2012-06-05,561.27,566.47,558.33,562.83,13864800,554.64
2012-06-04,561.50,567.50,548.50,564.29,19892700,556.08
2012-06-01,569.16,572.65,560.52,560.99,18606700,552.83
2012-05-31,580.74,581.50,571.46,577.73,17559800,569.33
2012-05-30,569.20,579.99,566.56,579.17,18908200,570.75
2012-05-29,570.90,574.00,565.31,572.27,13589600,563.95
2012-05-25,564.59,565.85,558.47,562.29,11732400,554.11
2012-05-24,575.87,576.50,561.23,565.32,17722500,557.10
2012-05-23,557.50,572.80,553.23,570.56,20889200,562.26
2012-05-22,569.55,573.88,552.58,556.97,24816800,548.87
2012-05-21,534.50,561.54,534.05,561.28,22539500,553.12
2012-05-18,533.96,543.41,522.18,530.38,26153300,522.67
2012-05-17,545.31,547.50,530.12,530.12,25615000,522.41
2012-05-16,554.05,556.89,541.04,546.08,20032000,538.14
2012-05-15,561.45,563.22,551.75,553.17,17012000,545.12
2012-05-14,562.57,567.51,557.60,558.22,12593800,550.10
2012-05-11,565.00,574.47,564.35,566.71,14269500,558.47
2012-05-10,574.58,575.88,568.44,570.52,11900000,562.22
2012-05-09,563.70,573.98,560.85,569.18,17168000,560.90
2012-05-08,569.58,571.50,558.73,568.18,17759000,559.92
2012-05-07,561.50,572.77,561.23,569.48,16432800,561.20
2012-05-04,577.08,578.36,565.17,565.25,18928300,557.03
2012-05-03,590.50,591.40,580.30,581.82,13948200,573.36
2012-05-02,580.24,587.40,578.86,585.98,15263900,577.46
2012-05-01,584.90,596.76,581.23,582.13,21821400,573.66
2012-04-30,597.80,598.40,583.00,583.98,18076600,575.49
2012-04-27,605.07,606.18,600.50,603.00,14525800,594.23
2012-04-26,614.27,614.69,602.13,607.70,19145300,598.86
2012-04-25,615.64,618.00,606.00,610.00,32349200,601.13
2012-04-24,562.61,567.69,555.00,560.28,38433900,552.13
2012-04-23,570.61,576.67,556.62,571.70,34518900,563.38
2012-04-20,591.38,594.62,570.42,572.98,36820900,564.65
2012-04-19,600.22,604.73,584.52,587.44,29811400,578.90
2012-04-18,613.72,620.25,602.71,608.34,34090400,599.49
2012-04-17,578.94,610.00,571.91,609.70,36626000,600.83
2012-04-16,610.06,610.28,578.25,580.13,37528100,571.69
2012-04-13,624.11,624.70,603.51,605.23,30701600,596.43
2012-04-12,625.00,631.33,620.50,622.77,21940600,613.71
2012-04-11,636.20,636.87,623.34,626.20,24879100,617.09
2012-04-10,639.93,644.00,626.00,628.44,31775900,619.30
2012-04-09,626.13,639.84,625.30,636.23,21340600,626.98
2012-04-05,626.98,634.66,623.40,633.68,22903500,624.46
2012-04-04,624.35,625.86,617.00,624.31,20463600,615.23
2012-04-03,627.30,632.21,622.51,629.32,29805700,620.17
2012-04-02,601.83,618.77,600.38,618.63,21369700,609.63
2012-03-30,608.77,610.56,597.94,599.55,26108500,590.83
2012-03-29,612.78,616.56,607.23,609.86,21722800,600.99
2012-03-28,618.38,621.45,610.31,617.62,23409300,608.64
2012-03-27,606.18,616.28,606.06,614.48,21683200,605.54
2012-03-26,599.79,607.15,595.26,606.98,21276500,598.15
2012-03-23,600.49,601.80,594.40,596.05,15374600,587.38
2012-03-22,597.78,604.50,595.53,599.34,22281100,590.62
2012-03-21,602.74,609.65,601.41,602.50,23001500,593.74
2012-03-20,599.51,606.90,591.48,605.96,29166500,597.15
2012-03-19,598.37,601.77,589.05,601.10,32187000,592.36
2012-03-16,584.72,589.20,578.00,585.57,29481700,577.05
2012-03-15,599.61,600.01,578.55,585.56,41418500,577.04
2012-03-14,578.05,594.72,575.40,589.58,50673000,581.00
2012-03-13,557.54,568.18,555.75,568.10,24673400,559.84
2012-03-12,548.98,552.00,547.00,552.00,14545800,543.97
2012-03-09,544.21,547.74,543.11,545.17,14961400,537.24
2012-03-08,534.69,542.99,532.12,541.99,18444900,534.11
2012-03-07,536.80,537.78,523.30,530.69,28518600,522.97
2012-03-06,523.66,533.69,516.22,530.26,28937100,522.55
2012-03-05,545.42,547.48,526.00,533.16,28897300,525.40
2012-03-02,544.24,546.80,542.52,545.18,15418300,537.25
2012-03-01,548.17,548.21,538.77,544.47,24402500,536.55
2012-02-29,541.56,547.61,535.70,542.44,34000400,534.55
2012-02-28,527.96,535.41,525.85,535.41,21442400,527.62
2012-02-27,521.31,528.50,516.28,525.76,19556500,518.11
2012-02-24,519.67,522.90,518.64,522.41,14824000,514.81
2012-02-23,515.08,517.83,509.50,516.39,20286700,508.88
2012-02-22,513.08,515.49,509.07,513.04,17260800,505.58
2012-02-21,506.88,514.85,504.12,514.85,21628400,507.36
2012-02-17,503.11,507.77,500.30,502.12,19135900,494.82
2012-02-16,491.50,504.89,486.63,502.21,33734000,494.91
2012-02-15,514.26,526.29,496.89,497.67,53790000,490.43
2012-02-14,504.66,509.56,502.00,509.46,16442800,502.05
2012-02-13,499.53,503.83,497.09,502.60,18472000,495.29
2012-02-10,490.96,497.62,488.55,493.42,22546500,486.24
2012-02-09,480.76,496.75,480.56,493.17,31579100,486.00
2012-02-08,470.50,476.79,469.70,476.68,14567500,469.75
2012-02-07,465.25,469.75,464.58,468.83,11293700,462.01
2012-02-06,458.38,464.98,458.20,463.97,8907600,457.22
2012-02-03,457.30,460.00,455.56,459.68,10235700,452.99
2012-02-02,455.90,457.17,453.98,455.12,6671300,448.50
2012-02-01,458.41,458.99,455.55,456.19,9644500,449.55
2012-01-31,455.59,458.24,453.07,456.48,13988700,449.84
2012-01-30,445.71,453.90,445.39,453.01,13547900,446.42
2012-01-27,444.34,448.48,443.77,447.28,10703900,440.77
2012-01-26,448.36,448.79,443.14,444.63,11570900,438.16
2012-01-25,454.44,454.45,443.73,446.66,34225500,440.16
2012-01-24,425.10,425.10,419.55,420.41,19558500,414.29
2012-01-23,422.67,428.45,422.30,427.41,10930800,421.19
2012-01-20,427.49,427.50,419.75,420.30,14784800,414.19
2012-01-19,430.15,431.37,426.51,427.75,9347800,421.53
2012-01-18,426.96,429.47,426.30,429.11,9885400,422.87
2012-01-17,424.20,425.99,422.96,424.70,8674900,418.52
2012-01-13,419.70,420.45,418.66,419.81,8072200,413.70
2012-01-12,422.28,422.90,418.75,421.39,7592400,415.26
2012-01-11,422.68,422.85,419.31,422.55,7681600,416.40
2012-01-10,425.91,426.00,421.50,423.24,9221300,417.08
2012-01-09,425.50,427.75,421.35,421.73,14072300,415.60
2012-01-06,419.77,422.75,419.22,422.40,11367600,416.26
2012-01-05,414.95,418.55,412.67,418.03,9688200,411.95
2012-01-04,410.00,414.68,409.28,413.44,9286500,407.43
2012-01-03,409.40,412.50,409.00,411.23,10793600,405.25
2011-12-30,403.51,406.28,403.49,405.00,6416500,399.11
2011-12-29,403.40,405.65,400.51,405.12,7713500,399.23
2011-12-28,406.89,408.25,401.34,402.64,8166500,396.78
2011-12-27,403.10,409.09,403.02,406.53,9467000,400.62
2011-12-23,399.69,403.59,399.49,403.33,9621400,397.46
2011-12-22,397.00,399.13,396.10,398.55,7227100,392.75
2011-12-21,396.69,397.30,392.01,396.45,9391000,390.68
2011-12-20,387.76,396.10,387.26,395.95,12043400,390.19
2011-12-19,382.47,384.85,380.48,382.21,8411800,376.65
2011-12-16,380.36,384.15,379.57,381.02,15052800,375.48
2011-12-15,383.33,383.74,378.31,378.94,9150000,373.43
2011-12-14,386.70,387.38,377.68,380.19,14531700,374.66
2011-12-13,393.00,395.40,387.10,388.81,12104600,383.15
2011-12-12,391.68,393.90,389.45,391.84,10752400,386.14
2011-12-09,392.85,394.04,391.03,393.62,10606900,387.89
2011-12-08,391.45,395.50,390.23,390.66,13441300,384.98
2011-12-07,389.93,390.94,386.76,389.09,10883800,383.43
2011-12-06,392.51,394.63,389.38,390.95,10128500,385.26
2011-12-05,393.49,396.41,390.39,393.01,12757500,387.29
2011-12-02,389.83,393.63,388.58,389.70,13537700,384.03
2011-12-01,382.54,389.00,380.75,387.93,13827900,382.29
2011-11-30,381.29,382.28,378.30,382.20,14497800,376.64
2011-11-29,375.84,378.83,370.20,373.20,13423400,367.77
2011-11-28,372.35,376.72,370.33,376.12,12371900,370.65
2011-11-25,368.42,371.15,363.32,363.57,9098600,358.28
2011-11-23,374.51,375.84,366.88,366.99,15295400,361.65
2011-11-22,371.02,377.93,370.94,376.51,14607900,371.03
2011-11-21,370.40,371.68,365.91,369.01,15999300,363.64
2011-11-18,378.92,379.99,374.88,374.94,13283500,369.49
2011-11-17,383.98,384.58,375.50,377.41,17139300,371.92
2011-11-16,389.25,391.14,384.32,384.77,12471800,379.17
2011-11-15,380.80,389.50,379.45,388.83,15386100,383.17
2011-11-14,383.52,385.25,378.20,379.26,15460900,373.74
2011-11-11,386.61,388.70,380.26,384.62,23349500,379.03
2011-11-10,397.03,397.21,382.15,385.22,26598300,379.62
2011-11-09,396.97,400.89,394.23,395.28,19953000,389.53
2011-11-08,402.21,408.00,401.56,406.23,14301500,400.32
2011-11-07,399.91,400.00,396.13,399.73,9652700,393.92
2011-11-04,402.03,403.44,399.16,400.24,10793900,394.42
2011-11-03,399.07,403.40,395.36,403.07,15763800,397.21
2011-11-02,400.09,400.44,395.11,397.41,11723400,391.63
2011-11-01,397.41,399.50,393.22,396.51,18992500,390.74
2011-10-31,402.42,409.33,401.05,404.78,13767900,398.89
2011-10-28,403.00,406.35,402.51,404.95,11530100,399.06
2011-10-27,407.56,409.00,401.89,404.69,17666600,398.80
2011-10-26,401.76,402.55,393.15,400.60,16296600,394.77
2011-10-25,405.03,406.55,397.38,397.77,15372400,391.98
2011-10-24,396.18,406.50,395.40,405.77,17933500,399.87
2011-10-21,398.10,399.14,390.75,392.87,22187300,387.16
2011-10-20,400.00,400.35,394.21,395.31,19616800,389.56
2011-10-19,401.35,408.42,397.80,398.62,39430700,392.82
2011-10-18,421.76,424.81,415.99,422.24,31485800,416.10
2011-10-17,421.74,426.70,415.94,419.99,24501600,413.88
2011-10-14,416.83,422.00,415.27,422.00,20477400,415.86
2011-10-13,404.98,408.43,402.85,408.43,15220900,402.49
2011-10-12,407.34,409.25,400.14,402.19,22224500,396.34
2011-10-11,392.57,403.18,391.50,400.29,21631700,394.47
2011-10-10,379.09,388.81,378.21,388.81,15804100,383.15
2011-10-07,375.78,377.74,368.49,369.80,19123500,364.42
2011-10-06,373.33,384.78,371.80,377.37,29020800,371.88
2011-10-05,367.86,379.82,360.30,378.25,28088200,372.75
2011-10-04,374.57,381.80,354.24,372.50,44059900,367.08
2011-10-03,380.37,382.64,373.17,374.60,23896400,369.15
2011-09-30,387.12,388.89,381.18,381.32,19558600,375.77
2011-09-29,401.92,402.21,386.21,390.57,23253100,384.89
2011-09-28,400.19,403.74,396.51,397.01,15344200,391.24
2011-09-27,408.73,409.25,398.06,399.26,22589200,393.45
2011-09-26,399.86,403.98,391.30,403.17,29031300,397.31
2011-09-23,400.28,406.74,399.85,404.30,19509900,398.42
2011-09-22,401.03,409.82,396.70,401.82,34588600,395.98
2011-09-21,419.64,421.59,412.00,412.14,21642000,406.15
2011-09-20,415.25,422.86,411.19,413.45,27705500,407.44
2011-09-19,397.00,413.23,395.20,411.63,29423600,405.64
2011-09-16,395.54,400.50,395.03,400.50,24946900,394.67
2011-09-15,391.43,393.66,389.90,392.96,14922100,387.24
2011-09-14,387.02,392.21,385.76,389.30,19097300,383.64
2011-09-13,382.14,386.21,380.25,384.62,15734300,379.03
2011-09-12,373.00,380.88,371.90,379.94,16708300,374.41
2011-09-09,383.93,386.00,375.02,377.48,20171900,371.99
2011-09-08,382.40,388.61,382.31,384.14,14862800,378.55
2011-09-07,385.56,385.60,382.00,383.93,12520600,378.35
2011-09-06,367.37,380.33,366.48,379.74,18203500,374.22
2011-09-02,374.74,378.00,371.83,374.05,15676400,368.61
2011-09-01,385.82,387.34,380.72,381.03,12275900,375.49
2011-08-31,390.57,392.08,381.86,384.83,18663800,379.23
2011-08-30,388.25,391.84,386.21,389.99,14925800,384.32
2011-08-29,388.18,391.50,388.00,389.97,14473900,384.30
2011-08-26,371.17,383.80,370.80,383.58,22909900,378.00
2011-08-25,365.08,375.45,365.00,373.72,31119500,368.28
2011-08-24,373.47,378.96,370.60,376.18,22366700,370.71
2011-08-23,360.30,373.64,357.00,373.60,23458400,368.17
2011-08-22,364.51,364.88,355.09,356.44,19118400,351.26
2011-08-19,362.17,367.00,356.00,356.03,27710300,350.85
2011-08-18,370.84,372.65,361.37,366.05,30408400,360.73
2011-08-17,382.31,384.52,378.00,380.44,15787900,374.91
2011-08-16,381.52,383.37,376.06,380.48,17812500,374.95
2011-08-15,379.63,384.97,378.09,383.41,16448000,377.83
2011-08-12,378.07,379.64,374.23,376.99,18892000,371.51
2011-08-11,370.52,375.45,364.72,373.70,26498900,368.26
2011-08-10,371.15,374.65,362.50,363.69,31380600,358.40
2011-08-09,361.30,374.61,355.00,374.01,38663700,368.57
2011-08-08,361.69,367.77,353.02,353.21,40851200,348.07
2011-08-05,380.44,383.50,362.57,373.62,43021100,368.19
2011-08-04,389.41,391.32,377.35,377.37,31121700,371.88
2011-08-03,390.98,393.55,382.24,392.57,26161000,386.86
2011-08-02,397.65,397.90,388.35,388.91,22840700,383.25
2011-08-01,397.78,399.50,392.37,396.75,21887000,390.98
2011-07-29,387.64,395.15,384.00,390.48,22592300,384.80
2011-07-28,391.62,396.99,388.13,391.82,21215500,386.12
2011-07-27,400.59,402.64,392.15,392.59,23547300,386.88
2011-07-26,400.00,404.50,399.68,403.41,17020800,397.54
2011-07-25,390.35,400.00,389.62,398.50,21064500,392.70
2011-07-22,388.32,395.05,387.75,393.30,18454600,387.58
2011-07-21,386.95,390.06,383.90,387.29,18804800,381.66
2011-07-20,396.12,396.27,386.00,386.90,33619300,381.27
2011-07-19,378.00,378.65,373.32,376.85,29255200,371.37
2011-07-18,365.43,374.65,365.28,373.80,20451900,368.36
2011-07-15,361.17,365.00,359.17,364.92,17302400,359.61
2011-07-14,361.01,361.61,356.34,357.77,15376200,352.57
2011-07-13,358.33,360.00,356.38,358.02,13987100,352.81
2011-07-12,353.53,357.68,348.62,353.75,16128900,348.60
2011-07-11,356.34,359.77,352.82,354.00,15809800,348.85
2011-07-08,353.34,360.00,352.20,359.71,17497400,354.48
2011-07-07,354.67,358.00,354.00,357.20,14273700,352.00
2011-07-06,348.95,354.10,346.71,351.76,15879500,346.64
2011-07-05,343.00,349.83,342.50,349.43,12680500,344.35
2011-07-01,335.95,343.50,334.20,343.26,15546900,338.27
2011-06-30,334.70,336.13,332.84,335.67,11534100,330.79
2011-06-29,336.04,336.37,331.88,334.04,12590900,329.18
2011-06-28,333.65,336.70,333.44,335.26,10510700,330.38
2011-06-27,327.59,333.90,327.25,332.04,12136200,327.21
2011-06-24,331.37,333.15,325.09,326.35,15707400,321.60
2011-06-23,318.94,331.69,318.12,331.23,19991400,326.41
2011-06-22,325.16,328.90,322.38,322.61,13949400,317.92
2011-06-21,316.68,325.80,315.20,325.30,17620800,320.57
2011-06-20,317.36,317.70,310.50,315.32,22880200,310.73
2011-06-17,328.99,329.25,319.36,320.26,21965000,315.60
2011-06-16,326.90,328.68,318.33,325.16,18235400,320.43
2011-06-15,329.75,330.30,324.88,326.75,14257000,322.00
2011-06-14,330.00,333.25,329.31,332.44,11948900,327.60
2011-06-13,326.60,328.31,325.07,326.60,11773500,321.85
2011-06-10,330.55,331.66,325.51,325.90,15498400,321.16
2011-06-09,333.25,333.67,330.75,331.49,9824600,326.67
2011-06-08,331.78,334.80,330.65,332.24,11918700,327.41
2011-06-07,338.17,338.22,331.90,332.04,18920900,327.21
2011-06-06,345.70,347.05,337.81,338.04,16497900,333.12
2011-06-03,343.18,345.33,342.01,343.44,11187500,338.44
2011-06-02,346.50,347.98,344.30,346.10,12099400,341.07
2011-06-01,348.87,352.13,344.65,345.51,19810100,340.48
2011-05-31,341.10,347.83,341.00,347.83,14919800,342.77
2011-05-27,334.80,337.63,334.31,337.41,7271400,332.50
2011-05-26,335.97,336.89,334.43,335.00,7948600,330.13
2011-05-25,336.78,338.56,332.85,336.78,10508000,331.88
2011-05-24,335.50,335.90,331.34,332.19,11497400,327.36
2011-05-23,329.97,335.98,329.42,334.40,13700000,329.54
2011-05-20,339.56,340.95,335.02,335.22,12070300,330.34
2011-05-19,342.08,342.41,338.67,340.53,9327500,335.58
2011-05-18,336.47,341.05,336.00,339.87,11956300,334.93
2011-05-17,332.00,336.14,330.73,336.14,16154800,331.25
2011-05-16,339.20,341.22,332.60,333.30,16063400,328.45
2011-05-13,345.66,346.25,340.35,340.50,11647000,335.55
2011-05-12,346.12,347.12,342.27,346.57,11500000,341.53
2011-05-11,349.02,350.00,345.24,347.23,12000000,342.18
2011-05-10,348.89,349.69,346.66,349.45,10074700,344.37
2011-05-09,347.86,349.20,346.53,347.60,7312400,342.54
2011-05-06,349.69,350.00,346.21,346.66,10004800,341.62
2011-05-05,348.40,350.95,346.05,346.75,11998900,341.71
2011-05-04,348.26,351.83,346.88,349.57,13901800,344.49
2011-05-03,347.99,349.89,345.62,348.20,11191000,343.14
2011-05-02,349.74,350.47,345.50,346.28,15811200,341.24
2011-04-29,346.78,353.95,346.67,350.13,35940900,345.04
2011-04-28,346.19,349.75,345.52,346.75,12891400,341.71
2011-04-27,352.24,352.35,347.10,350.15,12721900,345.06
2011-04-26,353.62,354.99,349.35,350.42,12100000,345.32
2011-04-25,350.34,353.75,350.30,353.01,9519500,347.88
2011-04-21,355.00,355.13,348.52,350.70,26921800,345.60
2011-04-20,343.51,345.75,341.50,342.41,25023800,337.43
2011-04-19,333.10,337.98,331.71,337.86,14977800,332.95
2011-04-18,326.10,332.23,320.16,331.85,21782100,327.02
2011-04-15,333.30,333.64,326.80,327.46,16200200,322.70
2011-04-14,334.80,336.00,332.06,332.42,10778600,327.58
2011-04-13,335.02,336.14,332.52,336.13,12365000,331.24
2011-04-12,330.49,333.73,330.20,332.40,15201400,327.57
2011-04-11,334.06,335.67,330.02,330.80,14248100,325.99
2011-04-08,339.92,340.15,333.95,335.06,13483400,330.19
2011-04-07,338.10,340.43,336.03,338.08,13337400,333.16
2011-04-06,341.22,343.90,337.14,338.04,14376400,333.12
2011-04-05,336.99,342.25,336.00,338.89,17240400,333.96
2011-04-04,344.31,344.60,338.40,341.19,16431600,336.23
2011-04-01,351.11,351.59,343.30,344.56,14952200,339.55
2011-03-31,346.36,349.80,346.06,348.51,9786400,343.44
2011-03-30,350.64,350.88,347.44,348.63,11764500,343.56
2011-03-29,347.66,350.96,346.06,350.96,12603600,345.86
2011-03-28,353.15,354.32,350.44,350.44,11048400,345.34
2011-03-25,348.07,352.06,347.02,351.54,16032500,346.43
2011-03-24,341.85,346.00,338.86,344.97,14454000,339.95
2011-03-23,339.28,340.22,335.95,339.19,13321300,334.26
2011-03-22,342.56,342.62,339.14,341.20,11640100,336.24
2011-03-21,335.99,339.74,335.26,339.30,14621500,334.36
2011-03-18,337.13,338.20,330.00,330.67,26900500,325.86
2011-03-17,336.83,339.61,330.66,334.64,23550800,329.77
2011-03-16,342.00,343.00,326.26,330.01,41500400,325.21
2011-03-15,342.10,347.84,340.10,345.43,25752900,340.41
2011-03-14,353.18,356.48,351.31,353.56,15569900,348.42
2011-03-11,345.33,352.32,345.00,351.99,16824300,346.87
2011-03-10,349.12,349.77,344.90,346.67,18126400,341.63
2011-03-09,354.69,354.76,350.60,352.47,16189500,347.34
2011-03-08,354.91,357.40,352.25,355.76,12725600,350.59
2011-03-07,361.40,361.67,351.31,355.36,19504400,350.19
2011-03-04,360.07,360.29,357.75,360.00,16188100,354.76
2011-03-03,357.19,359.79,355.92,359.56,17885300,354.33
2011-03-02,349.96,354.35,348.40,352.12,21521100,347.00
2011-03-01,355.47,355.72,347.68,349.31,16290600,344.23
2011-02-28,351.24,355.05,351.12,353.21,14395500,348.07
2011-02-25,345.26,348.43,344.80,348.16,13572100,343.10
2011-02-24,344.02,345.15,338.37,342.88,17853600,337.89
2011-02-23,338.77,344.64,338.61,342.62,23994800,337.64
2011-02-22,342.15,345.40,337.72,338.61,31162700,333.68
2011-02-18,358.71,359.50,349.52,350.56,29144900,345.46
2011-02-17,357.25,360.27,356.52,358.30,18949400,353.09
2011-02-16,360.80,364.90,360.50,363.13,17184200,357.85
2011-02-15,359.19,359.97,357.55,359.90,10149100,354.67
2011-02-14,356.79,359.48,356.71,359.18,11086300,353.96
2011-02-11,354.75,357.80,353.54,356.85,13127600,351.66
2011-02-10,357.39,360.00,348.00,354.54,33162500,349.38
2011-02-09,355.19,359.00,354.87,358.16,17240900,352.95
2011-02-08,353.68,355.52,352.15,355.20,13608600,350.03
2011-02-07,347.89,353.25,347.64,351.88,17322200,346.76
2011-02-04,343.64,346.70,343.51,346.50,11494300,341.46
2011-02-03,343.80,344.24,338.55,343.44,14064200,338.44
2011-02-02,344.45,345.25,343.55,344.32,9248400,339.31
2011-02-01,341.30,345.65,340.98,345.03,15236900,340.01
2011-01-31,335.80,340.04,334.30,339.32,13473100,334.38
2011-01-28,344.17,344.40,333.53,336.10,21144900,331.21
2011-01-27,343.78,344.69,342.83,343.21,10179500,338.22
2011-01-26,342.96,345.60,341.50,343.85,18102700,338.85
2011-01-25,336.33,341.44,334.57,341.40,19531000,336.43
2011-01-24,326.87,337.45,326.72,337.45,20524400,332.54
2011-01-21,333.77,334.88,326.63,326.72,26942900,321.97
2011-01-20,336.43,338.30,330.12,332.68,27313900,327.84
2011-01-19,348.35,348.60,336.88,338.84,40557600,333.91
2011-01-18,329.52,344.76,326.00,340.65,67178500,335.70
2011-01-14,345.89,348.48,344.44,348.48,11030000,343.41
2011-01-13,345.16,346.64,343.85,345.68,10599300,340.65
2011-01-12,343.25,344.43,342.00,344.42,10806800,339.41
2011-01-11,344.88,344.96,339.47,341.64,15861000,336.67
2011-01-10,338.83,343.23,337.17,342.45,16020000,337.47
2011-01-07,333.99,336.35,331.90,336.12,11140400,331.23
2011-01-06,334.72,335.25,332.90,333.73,10729600,328.88
2011-01-05,329.55,334.34,329.50,334.00,9125700,329.14
2011-01-04,332.44,332.50,328.15,331.29,11038600,326.47
2011-01-03,325.64,330.26,324.84,329.57,15897800,324.78
2010-12-31,322.95,323.48,321.31,322.56,6911000,317.87
2010-12-30,325.48,325.51,323.05,323.66,5624800,318.95
2010-12-29,326.22,326.45,325.10,325.29,5826400,320.56
2010-12-28,325.91,326.66,325.06,325.47,6283000,320.74
2010-12-27,322.85,325.44,321.52,324.68,8922000,319.96
2010-12-23,325.00,325.15,323.17,323.60,7969900,318.89
2010-12-22,324.36,325.72,323.55,325.16,9497200,320.43
2010-12-21,323.00,324.39,322.05,324.20,9155500,319.48
2010-12-20,321.60,323.25,318.23,322.21,13771800,317.52
2010-12-17,321.63,321.79,320.23,320.61,13818900,315.95
2010-12-16,321.09,322.61,320.10,321.25,11501100,316.58
2010-12-15,320.00,323.00,319.19,320.36,14904000,315.70
2010-12-14,321.73,322.54,319.00,320.29,12536000,315.63
2010-12-13,324.37,325.06,321.00,321.67,15707700,316.99
2010-12-10,319.65,321.05,318.60,320.56,9375400,315.90
2010-12-09,322.13,322.50,319.02,319.76,10505400,315.11
2010-12-08,319.63,321.02,317.11,321.01,11497700,316.34
2010-12-07,323.80,323.99,318.12,318.21,13980500,313.58
2010-12-06,318.64,322.33,318.42,320.15,16017200,315.49
2010-12-03,317.01,318.65,316.34,317.44,12217600,312.82
2010-12-02,317.53,319.00,314.89,318.15,16529900,313.52
2010-12-01,315.27,317.75,315.00,316.40,16491100,311.80
2010-11-30,313.54,314.36,310.87,311.15,17923500,306.62
2010-11-29,315.50,317.48,311.38,316.87,15920900,312.26
2010-11-26,313.74,317.70,312.94,315.00,8485200,310.42
2010-11-24,312.00,315.40,311.75,314.80,14775900,310.22
2010-11-23,310.45,311.75,306.56,308.73,18551700,304.24
2010-11-22,306.68,313.36,305.87,313.36,14038400,308.80
2010-11-19,307.97,308.40,305.24,306.73,13744400,302.27
2010-11-18,305.20,309.67,304.69,308.43,17660400,303.94
2010-11-17,301.20,303.99,297.76,300.50,17123200,296.13
2010-11-16,305.72,307.60,299.32,301.59,23487500,297.20
2010-11-15,308.46,310.54,306.27,307.04,14414500,302.57
2010-11-12,316.00,316.50,303.63,308.03,28423100,303.55
2010-11-11,315.00,318.40,314.25,316.65,12903000,312.04
2010-11-10,316.64,318.77,313.55,318.03,13722400,313.40
2010-11-09,321.05,321.30,314.50,316.08,13698000,311.48
2010-11-08,317.20,319.77,316.76,318.62,10062800,313.99
2010-11-05,317.99,319.57,316.75,317.13,12901900,312.52
2010-11-04,315.45,320.18,315.03,318.27,22946000,313.64
2010-11-03,311.37,312.88,308.53,312.80,18155300,308.25
2010-11-02,307.00,310.19,307.00,309.36,15497500,304.86
2010-11-01,302.22,305.60,302.20,304.18,15138900,299.76
2010-10-29,304.23,305.88,300.87,300.98,15375400,296.60
2010-10-28,307.95,308.00,300.90,305.24,19680400,300.80
2010-10-27,307.65,309.90,305.60,307.83,14250100,303.35
2010-10-26,306.87,309.74,305.65,308.05,14033200,303.57
2010-10-25,309.09,311.60,308.44,308.84,14016500,304.35
2010-10-22,309.07,310.04,306.30,307.47,13313500,303.00
2010-10-21,312.36,314.74,306.80,309.52,19695000,305.02
2010-10-20,309.00,314.25,306.87,310.53,25772300,306.01
2010-10-19,303.40,313.77,300.02,309.49,44028000,304.99
2010-10-18,318.47,319.00,314.29,318.00,39036100,313.37
2010-10-15,307.44,315.00,304.91,314.74,32935500,310.16
2010-10-14,301.69,302.47,300.40,302.31,15546300,297.91
2010-10-13,300.20,301.96,299.80,300.14,22503300,295.77
2010-10-12,295.41,299.50,292.49,298.54,19948000,294.20
2010-10-11,294.74,297.24,294.60,295.36,15276900,291.06
2010-10-08,291.71,294.50,290.00,294.07,23514400,289.79
2010-10-07,290.34,290.48,286.91,289.22,14585700,285.01
2010-10-06,289.59,291.99,285.26,289.19,23959600,284.98
2010-10-05,282.00,289.45,281.82,288.94,17927400,284.74
2010-10-04,281.60,282.90,277.77,278.64,15546500,274.59
2010-10-01,286.15,286.58,281.35,282.52,16005100,278.41
2010-09-30,289.00,290.00,281.25,283.75,24049700,279.62
2010-09-29,287.23,289.81,286.00,287.37,16773000,283.19
2010-09-28,291.77,291.77,275.00,286.86,36965800,282.69
2010-09-27,293.98,294.73,291.01,291.16,17244100,286.92
2010-09-24,292.10,293.53,290.55,292.32,23196000,288.07
2010-09-23,286.33,292.76,286.00,288.92,28075600,284.72
2010-09-22,282.71,287.98,282.41,287.75,20903200,283.56
2010-09-21,283.86,287.35,282.79,283.77,23859800,279.64
2010-09-20,276.08,283.78,275.85,283.23,23524200,279.11
2010-09-17,277.69,277.96,273.68,275.37,22659900,271.36
2010-09-16,270.24,276.67,269.50,276.57,23289400,272.55
2010-09-15,268.17,270.38,267.84,270.22,15334600,266.29
2010-09-14,266.21,269.17,265.52,268.06,14576800,264.16
2010-09-13,265.82,268.28,265.76,267.04,13885000,263.16
2010-09-10,263.19,264.50,261.40,263.41,13840800,259.58
2010-09-09,265.04,266.52,262.92,263.07,15663400,259.24
2010-09-08,259.78,264.39,259.10,262.92,18805400,259.10
2010-09-07,256.64,259.53,256.25,257.81,12234200,254.06
2010-09-03,255.09,258.78,254.50,258.77,18599600,255.01
2010-09-02,251.26,252.17,248.57,252.17,14836700,248.50
2010-09-01,247.47,251.46,246.28,250.33,24894200,246.69
2010-08-31,241.85,244.56,240.35,243.10,15028100,239.56
2010-08-30,240.76,245.75,240.68,242.50,13688900,238.97
2010-08-27,241.75,242.61,235.56,241.62,19585400,238.11
2010-08-26,245.45,245.75,240.28,240.28,16660900,236.78
2010-08-25,238.04,243.99,237.20,242.89,21316700,239.36
2010-08-24,242.67,243.00,238.65,239.93,21520200,236.44
2010-08-23,251.79,252.00,245.25,245.80,14787200,242.22
2010-08-20,249.39,253.92,249.00,249.64,13722500,246.01
2010-08-19,252.84,253.48,248.68,249.88,15239500,246.25
2010-08-18,252.36,254.67,251.58,253.07,12132000,249.39
2010-08-17,250.08,254.63,249.20,251.97,15094300,248.30
2010-08-16,247.58,250.01,246.62,247.64,11372500,244.04
2010-08-13,251.65,251.88,249.09,249.10,12673900,245.48
2010-08-12,246.69,253.10,246.12,251.79,19104300,248.13
2010-08-11,255.40,255.69,249.81,250.19,22144800,246.55
2010-08-10,259.85,260.45,257.55,259.41,16140000,255.64
2010-08-09,261.48,262.15,259.57,261.75,10826000,257.94
2010-08-06,259.78,261.49,257.63,260.09,15889200,256.31
2010-08-05,261.73,263.18,260.55,261.70,10324900,257.89
2010-08-04,262.84,264.28,260.31,262.98,15013400,259.15
2010-08-03,261.01,263.26,259.42,261.93,14916200,258.12
2010-08-02,260.44,262.59,259.62,261.85,15287700,258.04
2010-07-30,255.89,259.70,254.90,257.25,16007500,253.51
2010-07-29,260.71,262.65,256.10,258.11,22993100,254.36
2010-07-28,263.67,265.99,260.25,260.96,18570900,257.16
2010-07-27,260.87,264.80,260.30,264.08,20884700,260.24
2010-07-26,260.00,260.10,257.71,259.28,15019700,255.51
2010-07-23,257.09,260.38,256.28,259.94,19049600,256.16
2010-07-22,257.68,260.00,255.31,259.02,23047100,255.25
2010-07-21,265.09,265.15,254.00,254.24,42345400,250.54
2010-07-20,242.90,252.90,240.01,251.89,38391100,248.23
2010-07-19,249.88,249.88,239.60,245.58,36588500,242.01
2010-07-16,253.18,254.97,248.41,249.90,37137800,246.27
2010-07-15,248.23,256.97,247.30,251.45,29459500,247.79
2010-07-14,249.38,255.80,249.00,252.73,29001700,249.05
2010-07-13,256.32,256.40,246.43,251.80,42533000,248.14
2010-07-12,258.53,261.85,254.86,257.29,20102800,253.55
2010-07-09,256.89,259.90,255.16,259.62,15475800,255.84
2010-07-08,262.48,262.90,254.89,258.09,26362300,254.34
2010-07-07,250.49,258.77,249.75,258.67,23377000,254.91
2010-07-06,251.00,252.80,246.16,248.63,21972700,245.01
2010-07-02,250.49,250.93,243.20,246.94,24780100,243.35
2010-07-01,254.30,254.80,243.22,248.48,36532000,244.87
2010-06-30,256.71,257.97,250.01,251.53,26409000,247.87
2010-06-29,264.12,264.39,254.30,256.17,40476600,252.44
2010-06-28,266.93,269.75,264.52,268.30,20891000,264.40
2010-06-25,270.06,270.27,265.81,266.70,19640800,262.82
2010-06-24,271.00,273.20,268.10,269.00,25509900,265.09
2010-06-23,274.58,274.66,267.90,270.97,27444900,267.03
2010-06-22,272.16,275.97,271.50,273.85,25616500,269.87
2010-06-21,277.69,279.01,268.73,270.17,27731800,266.24
2010-06-18,272.25,275.00,271.42,274.07,28022200,270.08
2010-06-17,270.60,272.90,269.50,271.87,31173400,267.92
2010-06-16,261.10,267.75,260.63,267.25,27988500,263.36
2010-06-15,255.64,259.85,255.50,259.69,20895500,255.91
2010-06-14,255.96,259.15,254.01,254.28,21534300,250.58
2010-06-11,248.23,253.86,247.37,253.51,19491400,249.82
2010-06-10,244.84,250.98,242.20,250.51,27727000,246.87
2010-06-09,251.47,251.90,242.49,243.20,30522500,239.66
2010-06-08,253.24,253.80,245.65,249.33,35741800,245.70
2010-06-07,258.29,259.15,250.55,250.94,31676500,247.29
2010-06-04,258.21,261.90,254.63,255.96,27082300,252.24
2010-06-03,265.18,265.55,260.41,263.12,23218100,259.29
2010-06-02,264.54,264.80,260.33,263.95,24591000,260.11
2010-06-01,259.69,265.94,258.96,260.83,31302600,257.04
2010-05-28,259.39,259.40,253.35,256.88,29129100,253.14
2010-05-27,250.60,253.89,249.11,253.35,23795800,249.66
2010-05-26,250.08,252.13,243.75,244.11,30380500,240.56
2010-05-25,239.35,246.76,237.16,245.22,37428800,241.65
2010-05-24,247.28,250.90,246.26,246.76,26937100,243.17
2010-05-21,232.82,244.50,231.35,242.32,43710400,238.80
2010-05-20,241.88,243.85,236.21,237.76,45818400,234.30
2010-05-19,249.50,252.92,244.85,248.34,36633100,244.73
2010-05-18,256.98,258.55,250.26,252.36,27952800,248.69
2010-05-17,254.70,256.18,247.71,254.22,27244100,250.52
2010-05-14,255.16,256.48,249.50,253.82,27120100,250.13
2010-05-13,263.22,265.00,256.40,258.36,21418300,254.60
2010-05-12,259.24,263.13,258.70,262.09,23370700,258.28
2010-05-11,251.84,259.89,250.50,256.52,30318100,252.79
2010-05-10,250.25,254.65,248.53,253.99,35153800,250.30
2010-05-07,243.71,246.57,225.21,235.86,59857800,232.43
2010-05-06,253.83,258.25,199.25,246.25,45923600,242.67
2010-05-05,253.03,258.14,248.73,255.99,31539400,252.27
2010-05-04,262.89,263.29,256.75,258.68,25850700,254.92
2010-05-03,263.84,267.88,262.88,266.35,16226500,262.48
2010-04-30,269.31,270.57,261.00,261.09,19373700,257.29
2010-04-29,263.02,270.00,262.01,268.64,19958600,264.73
2010-04-28,263.25,264.00,256.41,261.60,27085800,257.79
2010-04-27,267.27,267.84,260.52,262.04,25333700,258.23
2010-04-26,271.88,272.46,268.19,269.50,17109600,265.58
2010-04-23,267.99,272.18,267.00,270.83,28462700,266.89
2010-04-22,258.24,266.75,256.20,266.47,28336600,262.59
2010-04-21,258.80,260.25,255.73,259.22,35085400,255.45
2010-04-20,248.54,249.25,242.96,244.59,26368800,241.03
2010-04-19,247.03,247.89,241.77,247.07,20247300,243.48
2010-04-16,248.57,251.14,244.55,247.40,26805200,243.80
2010-04-15,245.78,249.03,245.51,248.92,13456600,245.30
2010-04-14,245.28,245.81,244.07,245.69,14431300,242.12
2010-04-13,241.86,242.80,241.11,242.43,10936100,238.90
2010-04-12,242.20,243.07,241.81,242.29,11893800,238.77
2010-04-09,241.43,241.89,240.46,241.79,11935100,238.27
2010-04-08,240.44,241.54,238.04,239.95,20463900,236.46
2010-04-07,239.55,241.92,238.66,240.60,22446500,237.10
2010-04-06,238.20,240.24,237.00,239.54,15964900,236.06
2010-04-05,234.98,238.51,234.77,238.49,24446700,235.02
2010-04-01,237.41,238.73,232.75,235.97,21540900,232.54
2010-03-31,235.49,236.61,234.46,235.00,15380700,231.58
2010-03-30,236.60,237.48,234.25,235.85,18832500,232.42
2010-03-29,233.00,233.87,231.62,232.39,19312300,229.01
2010-03-26,228.95,231.95,228.55,230.90,22888400,227.54
2010-03-25,230.92,230.97,226.25,226.65,19367300,223.35
2010-03-24,227.64,230.20,227.51,229.37,21349300,226.03
2010-03-23,225.64,228.78,224.10,228.36,21515400,225.04
2010-03-22,220.47,226.00,220.15,224.75,16300700,221.48
2010-03-19,224.79,225.24,221.23,222.25,19980200,219.02
2010-03-18,224.10,225.00,222.61,224.65,12218200,221.38
2010-03-17,224.90,226.45,223.27,224.12,16105600,220.86
2010-03-16,224.18,224.98,222.51,224.45,15961000,221.19
2010-03-15,225.38,225.50,220.25,223.84,17625100,220.58
2010-03-12,227.37,227.73,225.75,226.60,14868700,223.30
2010-03-11,223.91,225.50,223.32,225.50,14489300,222.22
2010-03-10,223.83,225.48,223.20,224.84,21293500,221.57
2010-03-09,218.31,225.00,217.89,223.02,32866400,219.78
2010-03-08,220.01,220.09,218.25,219.08,15353200,215.89
2010-03-05,214.94,219.70,214.63,218.95,32129300,215.77
2010-03-04,209.28,210.92,208.63,210.71,13072900,207.65
2010-03-03,208.94,209.87,207.94,209.33,13287600,206.29
2010-03-02,209.93,210.83,207.74,208.85,20233800,205.81
2010-03-01,205.75,209.50,205.45,208.99,19646200,205.95
2010-02-26,202.38,205.17,202.00,204.62,18123600,201.64
2010-02-25,197.38,202.86,196.89,202.00,23754500,199.06
2010-02-24,198.23,201.44,197.84,200.66,16448800,197.74
2010-02-23,200.00,201.33,195.71,197.06,20539100,194.19
2010-02-22,202.34,202.50,199.19,200.42,13948700,197.50
2010-02-19,201.86,203.20,201.11,201.67,14838200,198.74
2010-02-18,201.63,203.89,200.92,202.93,15100900,199.98
2010-02-17,204.19,204.31,200.86,202.55,15585600,199.60
2010-02-16,201.94,203.69,201.52,203.40,19419200,200.44
2010-02-12,198.11,201.64,195.50,200.38,23409600,197.47
2010-02-11,194.88,199.75,194.06,198.67,19655200,195.78
2010-02-10,195.89,196.60,194.26,195.12,13227200,192.28
2010-02-09,196.42,197.50,194.75,196.19,22603100,193.34
2010-02-08,195.69,197.88,194.00,194.12,17081100,191.30
2010-02-05,192.63,196.00,190.85,195.46,30368100,192.62
2010-02-04,196.73,198.37,191.57,192.05,27059000,189.26
2010-02-03,195.17,200.20,194.42,199.23,21976000,196.33
2010-02-02,195.91,196.32,193.38,195.86,24940800,193.01
2010-02-01,192.37,196.00,191.30,194.73,26781300,191.90
2010-01-29,201.08,202.20,190.25,192.06,44498300,189.27
2010-01-28,204.93,205.50,198.70,199.29,41910800,196.39
2010-01-27,206.85,210.58,199.53,207.88,61520300,204.86
2010-01-26,205.95,213.71,202.58,205.94,66682500,202.94
2010-01-25,202.51,204.70,200.19,203.07,38060700,200.12
2010-01-22,206.78,207.50,197.16,197.75,31491700,194.87
2010-01-21,212.08,213.31,207.21,208.07,21719800,205.04
2010-01-20,214.91,215.55,209.50,211.73,21862600,208.65
2010-01-19,208.33,215.19,207.24,215.04,26071700,211.91
2010-01-15,210.93,211.60,205.87,205.93,21216700,202.93
2010-01-14,210.11,210.46,209.02,209.43,15460500,206.38
2010-01-13,207.87,210.93,204.10,210.65,21639000,207.59
2010-01-12,209.19,209.77,206.42,207.72,21230700,204.70
2010-01-11,212.80,213.00,208.45,210.11,16508200,207.05
2010-01-08,210.30,212.00,209.06,211.98,15986100,208.90
2010-01-07,211.75,212.00,209.05,210.58,17040400,207.52
2010-01-06,214.38,215.23,210.75,210.97,19720000,207.90
2010-01-05,214.60,215.59,213.25,214.38,21496600,211.26
2010-01-04,213.43,214.50,212.38,214.01,17633200,210.90