2014-03-12,22.35,22.89,22.35,22.67,34200,22.67
2014-03-11,22.94,23.17,22.27,22.53,63600,22.53
2014-03-10,22.96,23.34,22.79,22.95,13200,22.76
2014-03-07,22.95,23.48,22.46,23.13,87500,22.94
2014-03-06,23.15,23.15,22.23,22.79,40700,22.60
2014-03-05,22.98,23.73,21.50,23.19,20100,23.00
2014-03-04,22.25,23.58,22.22,23.13,58100,22.94
2014-03-03,21.88,22.14,21.84,22.00,15000,21.82
2014-02-28,21.86,22.25,21.47,22.04,32200,21.86
2014-02-27,21.56,21.95,21.04,21.82,16100,21.64
2014-02-26,21.74,22.23,21.51,21.61,16300,21.43
2014-02-25,21.58,22.13,21.40,21.65,17600,21.47
2014-02-24,21.23,22.23,21.23,21.82,26700,21.64
2014-02-21,21.70,21.90,21.62,21.69,27600,21.51
2014-02-20,20.92,21.88,20.92,21.55,35200,21.37
2014-02-19,21.02,21.27,20.90,20.98,60800,20.81
2014-02-18,21.30,21.57,21.05,21.19,18300,21.01
2014-02-14,21.78,21.78,20.99,21.35,14600,21.17
2014-02-13,20.76,22.00,20.69,21.77,14900,21.59
2014-02-12,21.29,21.29,20.69,20.90,18000,20.73
2014-02-11,21.60,21.60,20.86,21.14,25300,20.96
2014-02-10,20.23,21.20,20.08,20.86,32400,20.69
2014-02-07,20.66,21.00,20.03,20.13,31600,19.96
2014-02-06,20.59,21.83,20.40,20.54,92700,20.37
2014-02-05,20.03,21.14,20.03,20.46,101400,20.29
2014-02-04,20.22,20.92,19.72,19.96,39800,19.79
2014-02-03,20.91,22.04,20.00,20.06,52400,19.89
2014-01-31,21.50,22.29,20.87,20.88,42400,20.71
2014-01-30,21.30,22.34,21.30,21.80,54400,21.62
2014-01-29,21.46,21.85,21.35,21.57,46700,21.39
2014-01-28,21.05,21.86,20.80,21.57,51500,21.39
2014-01-27,21.91,22.40,21.54,21.74,11600,21.56
2014-01-24,22.05,22.40,21.54,21.92,27100,21.74
2014-01-23,22.63,22.63,22.02,22.26,31500,22.08
2014-01-22,22.76,22.82,22.25,22.54,49000,22.35
2014-01-21,22.44,22.70,22.25,22.50,23100,22.31
2014-01-17,22.43,22.57,22.01,22.37,19600,22.18
2014-01-16,22.93,22.93,22.22,22.39,14700,22.20
2014-01-15,22.61,23.00,22.28,22.90,23200,22.71
2014-01-14,22.48,22.93,22.01,22.35,57200,22.16
2014-01-13,22.51,23.33,22.22,22.46,36900,22.27
2014-01-10,22.35,23.45,22.25,22.48,39900,22.29
2014-01-09,23.08,24.84,22.11,22.42,44500,22.23
2014-01-08,23.22,23.64,22.76,22.93,32400,22.74
2014-01-07,23.45,24.11,23.13,23.44,21000,23.25
2014-01-06,23.78,25.36,23.27,23.30,20500,23.11
2014-01-03,24.04,25.69,23.47,23.66,16200,23.46
2014-01-02,24.51,24.53,23.87,24.03,46300,23.83
2013-12-31,24.90,25.28,24.64,24.71,18600,24.51
2013-12-30,25.89,25.89,24.31,24.90,13700,24.69
2013-12-27,25.23,25.45,24.72,25.23,11000,25.02
2013-12-26,24.99,26.59,24.72,25.10,14600,24.89
2013-12-24,24.30,25.39,24.30,24.81,5400,24.60
2013-12-23,23.04,24.51,22.84,24.27,36500,24.07
2013-12-20,22.95,23.16,22.72,23.07,135700,22.88
2013-12-19,22.80,22.94,22.55,22.91,30200,22.72
2013-12-18,22.70,23.00,22.55,22.86,28200,22.67
2013-12-17,22.80,22.94,22.44,22.66,19600,22.47
2013-12-16,22.67,22.86,22.53,22.79,21300,22.60
2013-12-13,22.89,22.89,22.21,22.50,33300,22.31
2013-12-12,23.40,23.40,22.67,22.93,20700,22.74
2013-12-11,23.80,24.00,23.12,23.45,25000,23.26
2013-12-10,24.77,25.02,23.52,23.69,30000,23.49
2013-12-09,25.26,25.26,24.55,24.93,23300,24.54
2013-12-06,24.94,25.47,24.94,25.16,5900,24.76
2013-12-05,24.44,25.83,24.43,24.70,21900,24.31
2013-12-04,24.57,25.28,23.79,24.61,26400,24.22
2013-12-03,24.64,25.25,24.23,24.74,21600,24.35
2013-12-02,25.58,25.86,24.66,24.74,24500,24.35
2013-11-29,26.37,26.38,25.44,25.70,15800,25.29
2013-11-27,25.71,26.37,25.31,26.20,19500,25.79
2013-11-26,25.29,25.77,25.15,25.62,23000,25.21
2013-11-25,25.00,25.41,24.88,25.29,23000,24.89
2013-11-22,23.83,24.97,23.57,24.88,17000,24.49
2013-11-21,23.00,24.03,22.92,23.83,16800,23.45
2013-11-20,23.18,23.24,22.80,22.98,10900,22.62
2013-11-19,23.28,23.86,23.07,23.19,16200,22.82
2013-11-18,23.36,23.46,23.09,23.31,18900,22.94
2013-11-15,23.14,23.50,22.85,23.49,16900,23.12
2013-11-14,23.41,23.51,22.89,23.18,9600,22.81
2013-11-13,23.18,23.49,22.70,23.41,9300,23.04
2013-11-12,23.43,23.60,22.85,23.43,11800,23.06
2013-11-11,23.85,24.10,23.45,23.58,13300,23.21
2013-11-08,23.37,24.30,23.37,23.82,37200,23.44
2013-11-07,23.41,24.14,23.27,23.34,50800,22.97
2013-11-06,23.30,23.85,23.10,23.36,28100,22.99
2013-11-05,23.78,24.02,23.08,23.09,15800,22.72
2013-11-04,23.51,24.26,23.36,23.82,43400,23.44
2013-11-01,23.56,23.71,22.75,23.36,69300,22.99
2013-10-31,23.59,24.25,23.08,23.67,46600,23.30
2013-10-30,24.36,24.36,22.55,23.65,29100,23.28
2013-10-29,24.28,25.72,23.55,24.28,33200,23.90
2013-10-28,23.80,24.27,23.64,24.14,36400,23.76
2013-10-25,23.44,24.04,23.01,23.91,23400,23.53
2013-10-24,22.13,23.51,21.55,23.35,33300,22.98
2013-10-23,22.44,23.27,22.33,22.41,16700,22.06
2013-10-22,22.34,22.64,22.29,22.50,19800,22.14
2013-10-21,22.33,22.50,22.17,22.41,26200,22.06
2013-10-18,22.18,22.50,21.04,22.40,37400,22.05
2013-10-17,22.00,22.00,21.48,21.96,29500,21.61
2013-10-16,22.02,22.39,21.28,22.07,25900,21.72
2013-10-15,22.87,22.87,21.75,21.88,14800,21.53
2013-10-14,21.98,22.63,21.95,22.33,16600,21.98
2013-10-11,21.15,21.98,21.14,21.98,29400,21.63
2013-10-10,20.95,21.41,20.83,21.27,26700,20.93
2013-10-09,20.47,20.84,20.35,20.70,21000,20.37
2013-10-08,20.39,20.67,20.14,20.30,35800,19.98
2013-10-07,20.41,20.83,20.24,20.36,14500,20.04
2013-10-04,20.27,20.73,20.27,20.65,15900,20.32
2013-10-03,20.65,20.67,20.23,20.32,29900,20.00
2013-10-02,20.35,20.92,20.23,20.63,26900,20.30
2013-10-01,20.52,20.93,20.45,20.56,21000,20.23
2013-09-30,20.65,20.87,20.12,20.46,56500,20.14
2013-09-27,20.53,20.94,20.37,20.78,34500,20.45
2013-09-26,20.27,20.74,20.27,20.70,27400,20.37
2013-09-25,19.55,20.14,19.55,19.91,62200,19.59
2013-09-24,19.61,19.67,19.09,19.20,33700,18.90
2013-09-23,19.85,20.21,19.61,19.73,25900,19.42
2013-09-20,19.46,19.90,19.21,19.79,83600,19.48
2013-09-19,19.33,19.46,18.89,19.45,31700,19.14
2013-09-18,19.47,19.47,19.05,19.33,30800,19.02
2013-09-17,19.55,19.55,19.32,19.42,15300,19.11
2013-09-16,19.99,20.10,19.17,19.59,43600,19.28
2013-09-13,19.66,20.03,19.53,19.66,24000,19.35
2013-09-12,19.73,19.89,19.47,19.55,34300,19.24
2013-09-11,19.34,19.75,18.91,19.63,16700,19.32
2013-09-10,19.12,19.36,19.11,19.36,12600,19.05
2013-09-09,19.05,19.27,18.60,19.12,37800,18.63
2013-09-06,19.30,19.30,19.10,19.11,13900,18.62
2013-09-05,18.62,19.29,18.62,19.27,20700,18.78
2013-09-04,18.89,19.42,18.58,18.69,19500,18.21
2013-09-03,18.84,19.00,18.39,18.93,37000,18.45
2013-08-30,19.39,19.39,18.41,18.54,46400,18.07
2013-08-29,19.60,19.72,19.11,19.47,22400,18.97
2013-08-28,19.65,19.79,19.43,19.68,8900,19.18
2013-08-27,19.70,20.53,19.43,19.48,21400,18.98
2013-08-26,19.69,20.30,19.69,19.93,19400,19.42
2013-08-23,19.78,19.90,19.60,19.77,26000,19.26
2013-08-22,19.76,20.24,19.65,19.80,13300,19.29
2013-08-21,20.32,20.52,19.69,19.74,14800,19.23
2013-08-20,21.20,21.20,20.35,20.45,15500,19.93
2013-08-19,21.22,21.53,21.13,21.13,25000,20.59
2013-08-16,21.38,21.99,21.15,21.17,67500,20.63
2013-08-15,21.26,21.87,21.13,21.53,41900,20.98
2013-08-14,21.18,21.66,21.18,21.56,14000,21.01
2013-08-13,21.46,21.56,21.11,21.51,8100,20.96
2013-08-12,20.80,21.72,20.80,21.23,10000,20.69
2013-08-09,21.71,21.71,20.77,20.93,11800,20.39
2013-08-08,21.47,21.80,21.29,21.73,10000,21.17
2013-08-07,21.24,21.80,21.05,21.26,25800,20.72
2013-08-06,21.07,21.47,20.65,21.28,27600,20.73
2013-08-05,20.82,21.40,20.52,21.07,11100,20.53
2013-08-02,20.66,20.97,20.62,20.91,10100,20.37
2013-08-01,20.69,20.87,20.26,20.70,36600,20.17
2013-07-31,20.25,20.89,20.08,20.13,18700,19.61
2013-07-30,20.98,21.00,20.58,20.59,3700,20.06
2013-07-29,21.37,21.58,20.82,20.83,8300,20.30
2013-07-26,21.11,21.27,20.81,20.94,11100,20.40
2013-07-25,21.64,21.64,21.17,21.32,24200,20.77
2013-07-24,21.23,21.77,20.76,21.37,9500,20.82
2013-07-23,21.03,21.60,20.68,21.26,43500,20.72
2013-07-22,21.45,21.80,21.02,21.07,26700,20.53
2013-07-19,21.59,21.70,21.17,21.63,14000,21.08
2013-07-18,21.15,21.64,21.15,21.58,11100,21.03
2013-07-17,21.50,21.50,20.95,21.16,18900,20.62
2013-07-16,20.75,21.41,20.75,21.30,14700,20.75
2013-07-15,21.40,21.40,20.64,20.79,25600,20.26
2013-07-12,20.96,21.80,20.96,21.45,22300,20.90
2013-07-11,21.09,21.13,20.76,21.05,14000,20.51
2013-07-10,20.82,21.08,20.51,20.81,26500,20.28
2013-07-09,20.72,20.93,20.68,20.77,8000,20.24
2013-07-08,20.94,20.94,20.52,20.66,19100,20.13
2013-07-05,20.29,20.93,19.59,20.83,24500,20.30
2013-07-03,19.69,20.04,19.69,20.03,9700,19.52
2013-07-02,19.53,20.04,19.36,19.84,22800,19.33
2013-07-01,18.50,19.59,18.41,19.52,21400,19.02
2013-06-28,18.39,18.63,18.25,18.41,93100,17.94
2013-06-27,18.34,18.76,18.25,18.49,56000,18.02
2013-06-26,18.45,18.45,18.11,18.19,16400,17.72
2013-06-25,18.50,18.70,18.10,18.40,76400,17.93
2013-06-24,18.22,18.64,18.12,18.28,41100,17.81
2013-06-21,18.40,18.52,18.17,18.38,110900,17.91
2013-06-20,18.32,18.50,17.92,18.41,20500,17.94
2013-06-19,18.72,18.85,18.49,18.54,17100,18.07
2013-06-18,18.83,19.34,18.83,18.99,17500,18.50
2013-06-17,18.85,19.02,18.68,18.84,8900,18.36
2013-06-14,18.73,18.84,18.37,18.71,132200,18.23
2013-06-13,18.85,18.90,18.48,18.70,127000,18.22
2013-06-12,19.03,19.10,18.70,18.79,8100,18.31
2013-06-11,19.34,19.34,18.90,18.98,28800,18.49
2013-06-10,19.75,19.84,19.52,19.65,12600,18.97
2013-06-07,19.75,19.80,19.55,19.73,6400,19.05
2013-06-06,19.47,19.69,19.16,19.57,30400,18.89
2013-06-05,19.93,19.93,19.45,19.51,8500,18.84
2013-06-04,20.20,20.20,19.85,19.89,24800,19.20
2013-06-03,19.50,20.66,19.50,20.29,50100,19.59
2013-05-31,19.57,20.04,18.80,19.51,26600,18.84
2013-05-30,19.69,19.79,19.63,19.73,20100,19.05
2013-05-29,19.89,20.12,19.68,19.73,4400,19.05
2013-05-28,20.18,20.18,19.74,20.13,16500,19.43
2013-05-24,19.62,20.01,19.40,19.87,5000,19.18
2013-05-23,19.64,19.88,19.35,19.79,21900,19.11
2013-05-22,19.97,20.01,19.60,19.73,41000,19.05
2013-05-21,20.10,20.24,19.78,20.00,6000,19.31
2013-05-20,19.89,20.24,19.89,20.16,6700,19.46
2013-05-17,20.00,20.05,19.82,19.96,13600,19.27
2013-05-16,19.85,20.00,19.78,19.87,5200,19.18
2013-05-15,19.77,19.95,19.64,19.85,6900,19.16
2013-05-14,19.50,19.95,19.49,19.93,14400,19.24
2013-05-13,19.88,19.88,19.74,19.74,3400,19.06
2013-05-10,19.85,19.85,19.31,19.79,13500,19.11
2013-05-09,19.73,19.89,19.50,19.75,15200,19.07
2013-05-08,19.79,19.89,19.69,19.81,20700,19.13
2013-05-07,19.60,19.70,19.44,19.66,28500,18.98
2013-05-06,19.48,19.59,19.39,19.59,11500,18.91
2013-05-03,19.16,19.50,19.16,19.42,12300,18.75
2013-05-02,18.91,19.12,18.71,19.03,17900,18.37
2013-05-01,19.12,19.43,18.61,18.76,82400,18.11
2013-04-30,19.48,19.64,18.68,19.13,25900,18.47
2013-04-29,19.24,19.53,19.24,19.40,11500,18.73
2013-04-26,19.37,19.67,19.31,19.52,35700,18.85
2013-04-25,19.92,19.92,19.20,19.39,54500,18.72
2013-04-24,19.78,19.96,19.58,19.92,11700,19.23
2013-04-23,19.52,19.90,19.13,19.84,11300,19.15
2013-04-22,19.16,19.40,19.11,19.32,4100,18.65
2013-04-19,18.71,19.14,18.66,19.11,13500,18.45
2013-04-18,19.04,19.24,18.66,18.72,16000,18.07
2013-04-17,19.14,19.14,18.65,18.82,17200,18.17
2013-04-16,19.18,19.58,19.18,19.44,9300,18.77
2013-04-15,19.78,19.78,18.53,19.05,50200,18.39
2013-04-12,19.63,19.91,19.62,19.86,7800,19.17
2013-04-11,19.89,20.00,19.73,19.94,12900,19.25
2013-04-10,19.02,19.96,19.01,19.93,12800,19.24
2013-04-09,19.92,19.92,19.14,19.19,11700,18.53
2013-04-08,19.74,19.74,19.46,19.57,6200,18.89
2013-04-05,19.45,19.71,19.37,19.62,13000,18.94
2013-04-04,19.41,19.79,19.41,19.77,6800,19.09
2013-04-03,19.71,19.89,19.41,19.50,18100,18.83
2013-04-02,19.82,19.92,19.60,19.62,9400,18.94
2013-04-01,20.00,20.09,19.50,19.73,33500,19.05
2013-03-28,20.13,20.13,19.96,19.96,28100,19.27
2013-03-27,19.93,20.13,19.90,20.05,9400,19.36
2013-03-26,20.14,20.15,19.98,19.99,43800,19.30
2013-03-25,20.12,20.12,19.96,19.99,9100,19.30
2013-03-22,20.08,20.09,19.80,19.89,5900,19.20
2013-03-21,19.99,20.00,19.93,20.00,4300,19.31
2013-03-20,20.29,20.29,19.90,20.10,13300,19.41
2013-03-19,20.00,20.26,19.85,19.96,10700,19.27
2013-03-18,19.86,20.05,19.84,20.02,4800,19.33
2013-03-15,20.00,20.00,19.75,20.00,57200,19.31
2013-03-14,20.00,20.03,19.96,20.01,15600,19.32
2013-03-13,19.97,20.00,19.89,20.00,4300,19.31
2013-03-12,19.79,20.00,19.79,19.92,8000,19.23
2013-03-11,20.00,20.04,19.92,19.95,9800,19.09
2013-03-08,20.22,20.22,19.91,20.00,18300,19.13
2013-03-07,19.99,20.05,19.94,20.04,11500,19.17
2013-03-06,19.90,20.00,19.86,20.00,5400,19.13
2013-03-05,20.15,20.15,19.75,19.91,19000,19.05
2013-03-04,20.01,20.05,19.73,20.00,10200,19.13
2013-03-01,19.69,20.27,19.68,20.09,6100,19.22
2013-02-28,19.91,20.02,19.67,19.93,11700,19.07
2013-02-27,19.73,20.25,19.73,19.89,25500,19.03
2013-02-26,19.60,19.89,19.36,19.81,21700,18.95
2013-02-25,20.05,20.06,19.52,19.54,18500,18.69
2013-02-22,20.14,20.15,19.85,20.00,21400,19.13
2013-02-21,20.01,20.42,19.86,20.07,23500,19.20
2013-02-20,20.30,20.39,19.88,19.98,21300,19.12
2013-02-19,20.24,20.43,20.20,20.35,14400,19.47
2013-02-15,20.22,20.25,20.03,20.22,33700,19.35
2013-02-14,19.80,20.28,19.80,20.00,12000,19.13
2013-02-13,20.39,20.39,19.85,20.07,25700,19.20
2013-02-12,19.99,20.20,19.98,20.10,7600,19.23
2013-02-11,19.99,19.99,19.65,19.78,17500,18.92
2013-02-08,19.80,20.12,19.73,20.02,12600,19.15
2013-02-07,20.00,20.00,19.61,19.79,17000,18.93
2013-02-06,20.00,20.09,19.80,19.91,17200,19.05
2013-02-05,20.29,20.29,19.90,20.02,21600,19.15
2013-02-04,20.56,20.83,20.18,20.36,22700,19.48
2013-02-01,20.19,20.65,20.10,20.58,24400,19.69
2013-01-31,19.53,20.30,19.25,20.09,34600,19.22
2013-01-30,19.73,19.73,19.25,19.53,18400,18.69
2013-01-29,19.40,20.00,19.40,19.76,29400,18.91
2013-01-28,19.34,19.60,19.26,19.47,14900,18.63
2013-01-25,19.45,19.50,19.13,19.25,15100,18.42
2013-01-24,19.25,19.45,19.25,19.36,6300,18.52
2013-01-23,19.50,19.60,19.01,19.17,16500,18.34
2013-01-22,19.38,19.58,19.38,19.57,41200,18.72
2013-01-18,19.11,19.40,19.08,19.40,14400,18.56
2013-01-17,18.79,19.20,18.67,19.18,15800,18.35
2013-01-16,18.86,18.88,18.73,18.73,3500,17.92
2013-01-15,18.65,18.91,18.64,18.87,8800,18.05
2013-01-14,18.69,18.87,18.51,18.80,27500,17.99
2013-01-11,19.04,19.04,18.60,18.80,19600,17.99
2013-01-10,19.12,19.12,18.82,18.99,8700,18.17
2013-01-09,18.98,19.42,18.76,19.10,30000,18.27
2013-01-08,18.80,19.05,18.80,18.88,8600,18.06
2013-01-07,19.17,19.25,19.05,19.09,6900,18.26
2013-01-04,19.25,19.48,18.89,19.31,14300,18.47
2013-01-03,19.18,19.27,18.92,19.12,11200,18.29
2013-01-02,19.00,19.47,18.89,19.15,67600,18.32
2012-12-31,18.53,18.82,18.45,18.63,35200,17.82
2012-12-28,18.53,18.60,18.45,18.50,31300,17.70
2012-12-27,18.59,18.64,18.40,18.57,19900,17.77
2012-12-26,18.59,18.95,18.45,18.52,15800,17.72
2012-12-24,18.55,18.80,18.48,18.49,3800,17.69
2012-12-21,18.47,18.74,18.28,18.60,146700,17.80
2012-12-20,18.61,18.65,18.19,18.45,22100,17.65
2012-12-19,18.44,18.69,18.28,18.65,9500,17.84
2012-12-18,18.26,18.70,18.16,18.69,19600,17.88
2012-12-17,17.70,18.25,17.70,18.23,16600,17.44
2012-12-14,17.74,17.96,17.66,17.68,23900,16.92
2012-12-13,17.77,17.97,17.61,17.83,26000,17.06
2012-12-12,18.22,18.22,17.84,17.91,23000,16.98
2012-12-11,18.21,18.27,18.03,18.24,17400,17.30
2012-12-10,18.10,18.10,17.67,18.06,25200,17.12
2012-12-07,18.27,18.27,18.06,18.12,10400,17.18
2012-12-06,18.38,18.38,18.06,18.14,10000,17.20
2012-12-05,18.68,18.76,18.26,18.40,14700,17.45
2012-12-04,18.78,18.91,18.43,18.57,48800,17.61
2012-12-03,18.74,18.96,18.67,18.83,10000,17.85
2012-11-30,18.69,18.96,18.51,18.61,19900,17.65
2012-11-29,18.57,18.65,18.33,18.65,16300,17.68
2012-11-28,18.05,18.48,17.97,18.39,15500,17.44
2012-11-27,18.37,18.41,18.12,18.31,16400,17.36
2012-11-26,18.27,18.36,18.14,18.33,8900,17.38
2012-11-23,18.43,18.43,18.07,18.27,7000,17.32
2012-11-21,18.02,18.42,18.02,18.33,4200,17.38
2012-11-20,18.11,18.42,18.11,18.30,13800,17.35
2012-11-19,17.82,18.20,17.74,18.20,15200,17.26
2012-11-16,17.96,17.96,17.71,17.82,20500,16.90
2012-11-15,18.01,18.11,17.73,18.01,19800,17.08
2012-11-14,17.73,18.07,17.73,18.00,33300,17.07
2012-11-13,17.62,18.08,17.62,17.90,4600,16.97
2012-11-12,17.91,18.23,17.91,18.09,7000,17.15
2012-11-09,17.87,18.04,17.66,17.91,38500,16.98
2012-11-08,18.25,18.62,17.99,17.99,20700,17.06
2012-11-07,18.90,18.90,18.22,18.29,26900,17.34
2012-11-06,18.85,19.21,18.67,19.12,22800,18.13
2012-11-05,18.65,18.83,18.62,18.82,5200,17.85
2012-11-02,19.14,19.14,18.61,18.70,25000,17.73
2012-11-01,18.89,19.10,18.87,19.01,22600,18.03
2012-10-31,18.85,19.07,18.30,19.04,28600,18.05
2012-10-26,18.58,18.95,18.58,18.89,9500,17.91
2012-10-25,18.20,18.56,18.09,18.56,27100,17.60
2012-10-24,18.37,18.71,18.11,18.12,22600,17.18
2012-10-23,18.11,18.35,17.90,18.17,35400,17.23
2012-10-22,18.17,18.34,18.00,18.25,15700,17.30
2012-10-19,18.40,18.55,18.05,18.16,58400,17.22
2012-10-18,18.71,18.78,18.50,18.56,16700,17.60
2012-10-17,18.71,18.83,18.56,18.68,13000,17.71
2012-10-16,18.81,18.85,18.56,18.62,16600,17.66
2012-10-15,18.75,18.79,18.57,18.69,25700,17.72
2012-10-12,19.18,19.18,18.64,18.74,14500,17.77
2012-10-11,19.37,19.37,19.10,19.23,22200,18.23
2012-10-10,19.01,19.20,19.00,19.20,26200,18.21
2012-10-09,19.07,19.15,18.91,18.98,34600,18.00
2012-10-08,18.93,19.21,18.93,19.02,18500,18.03
2012-10-05,19.26,19.38,19.06,19.07,36300,18.08
2012-10-04,18.74,19.15,18.74,19.15,13000,18.16
2012-10-03,18.95,19.39,18.89,19.03,37000,18.04
2012-10-02,18.77,19.00,18.52,18.99,27000,18.01
2012-10-01,18.83,18.99,18.60,18.72,19900,17.75
2012-09-28,18.71,18.87,18.56,18.64,15300,17.67
2012-09-27,18.73,18.93,18.38,18.83,26900,17.85
2012-09-26,18.99,19.00,18.44,18.60,29500,17.64
2012-09-25,19.00,19.20,18.81,18.94,60600,17.96
2012-09-24,18.92,19.00,18.66,18.98,34300,18.00
2012-09-21,18.86,19.19,18.59,18.94,71500,17.96
2012-09-20,18.79,18.79,18.50,18.59,20900,17.63
2012-09-19,18.83,19.00,18.57,18.96,37000,17.98
2012-09-18,18.82,19.37,18.67,19.04,42700,18.05
2012-09-17,19.16,19.19,18.84,19.15,21600,18.16
2012-09-14,19.04,19.52,18.68,19.20,50900,18.21
2012-09-13,18.19,19.29,18.19,19.04,31600,18.05
2012-09-12,18.12,18.46,18.06,18.24,43800,17.30
2012-09-11,18.00,18.35,17.90,18.10,44900,17.16
2012-09-10,17.57,18.13,17.57,17.95,31600,17.02
2012-09-07,17.98,18.04,17.58,17.61,39700,16.57
2012-09-06,17.88,18.29,17.72,17.88,32100,16.82
2012-09-05,17.79,17.87,17.52,17.67,23600,16.62
2012-09-04,17.52,17.65,17.50,17.64,9600,16.59
2012-08-31,17.75,17.89,17.19,17.50,96700,16.46
2012-08-30,17.68,17.70,17.50,17.56,18400,16.52
2012-08-29,17.44,17.83,17.34,17.73,16800,16.68
2012-08-28,17.41,17.54,16.93,17.48,34100,16.44
2012-08-27,17.49,17.75,17.37,17.73,10000,16.68
2012-08-24,17.31,17.69,17.31,17.36,9600,16.33
2012-08-23,17.68,17.68,17.32,17.37,7500,16.34
2012-08-22,17.81,17.81,17.50,17.59,8100,16.55
2012-08-21,17.80,17.98,17.61,17.84,22100,16.78
2012-08-20,17.89,18.00,17.71,17.90,14300,16.84
2012-08-17,17.47,17.97,17.47,17.96,28300,16.89
2012-08-16,17.55,17.85,17.31,17.54,35600,16.50
2012-08-15,17.26,17.66,17.26,17.61,12400,16.57
2012-08-14,17.57,17.89,17.26,17.36,11500,16.33
2012-08-13,17.33,17.54,17.13,17.41,10400,16.38
2012-08-10,17.50,17.50,17.26,17.34,6600,16.31
2012-08-09,17.51,17.79,17.40,17.50,26900,16.46
2012-08-08,17.40,17.65,17.29,17.59,9300,16.55
2012-08-07,17.64,17.76,17.35,17.46,26700,16.42
2012-08-06,17.36,17.54,17.26,17.44,24300,16.41
2012-08-03,17.32,17.70,17.29,17.41,20300,16.38
2012-08-02,16.89,17.24,16.89,17.08,16900,16.07
2012-08-01,17.36,17.36,16.88,16.92,36300,15.92
2012-07-31,16.89,17.32,16.89,17.20,30700,16.18
2012-07-30,17.16,17.20,16.96,16.96,6100,15.95
2012-07-27,16.92,17.15,16.81,17.15,44700,16.13
2012-07-26,16.95,17.10,16.61,16.86,26600,15.86
2012-07-25,16.95,17.35,16.50,16.87,9400,15.87
2012-07-24,17.39,17.47,16.54,16.75,15700,15.76
2012-07-23,17.30,17.84,17.27,17.27,34000,16.25
2012-07-20,17.74,17.80,17.63,17.70,22700,16.65
2012-07-19,18.02,18.17,17.05,18.00,11200,16.93
2012-07-18,17.91,18.50,17.76,17.97,51100,16.90
2012-07-17,17.96,18.18,17.68,18.00,24400,16.93
2012-07-16,17.34,17.99,17.16,17.88,46000,16.82
2012-07-13,17.37,17.80,17.34,17.45,40500,16.41
2012-07-12,17.26,17.43,17.05,17.34,16500,16.31
2012-07-11,17.15,17.43,17.14,17.33,16600,16.30
2012-07-10,17.37,17.37,17.08,17.18,18700,16.16
2012-07-09,17.10,17.34,17.06,17.32,5700,16.29
2012-07-06,17.20,17.41,17.14,17.26,12400,16.24
2012-07-05,17.41,17.58,17.25,17.26,17600,16.24
2012-07-03,17.18,17.74,17.01,17.40,25100,16.37
2012-07-02,17.07,17.17,16.80,17.16,23100,16.14
2012-06-29,16.90,17.43,16.82,16.88,44200,15.88
2012-06-28,16.52,16.79,16.40,16.79,30100,15.79
2012-06-27,16.55,16.79,16.40,16.76,14600,15.77
2012-06-26,16.59,16.67,16.37,16.48,7500,15.50
2012-06-25,16.15,16.69,16.15,16.52,13400,15.54
2012-06-22,16.09,16.48,16.03,16.47,76900,15.49
2012-06-21,16.45,16.51,15.77,15.83,27600,14.89
2012-06-20,16.70,16.77,16.37,16.41,28200,15.44
2012-06-19,16.27,16.84,15.99,16.67,40100,15.68
2012-06-18,16.28,16.39,16.16,16.22,25800,15.26
2012-06-15,16.13,16.46,16.04,16.37,55200,15.40
2012-06-14,16.12,16.44,16.11,16.18,54100,15.22
2012-06-13,16.37,16.57,16.00,16.03,26200,15.08
2012-06-12,16.21,16.61,16.04,16.35,55700,15.38
2012-06-11,16.46,16.46,16.07,16.15,40600,15.19
2012-06-08,16.15,16.55,16.13,16.34,22800,15.24
2012-06-07,16.80,16.80,15.99,16.10,35200,15.01
2012-06-06,16.25,16.60,16.25,16.56,17800,15.44
2012-06-05,15.71,16.23,15.71,16.19,28000,15.10
2012-06-04,16.19,16.26,15.74,15.86,36400,14.79
2012-06-01,16.15,16.39,16.01,16.13,36800,15.04
2012-05-31,16.21,16.51,16.15,16.34,19700,15.24
2012-05-30,16.28,16.55,16.11,16.11,37700,15.02
2012-05-29,16.72,16.85,16.32,16.43,26000,15.32
2012-05-25,16.62,17.20,16.52,16.60,31700,15.48
2012-05-24,16.59,16.69,16.19,16.69,29300,15.57
2012-05-23,16.42,16.64,16.12,16.50,28000,15.39
2012-05-22,17.03,17.44,16.41,16.56,41000,15.44
2012-05-21,16.69,17.10,16.43,17.05,30100,15.90
2012-05-18,16.43,16.87,16.39,16.58,52000,15.46
2012-05-17,16.95,17.14,16.50,16.54,49900,15.43
2012-05-16,17.12,17.30,16.92,16.94,55200,15.80
2012-05-15,16.94,17.59,16.77,17.07,23000,15.92
2012-05-14,16.79,17.05,16.58,17.01,32300,15.86
2012-05-11,16.90,17.24,16.83,17.09,41100,15.94
2012-05-10,16.89,17.21,16.77,17.13,25000,15.98
2012-05-09,16.64,17.13,16.64,16.74,53000,15.61
2012-05-08,16.50,17.41,16.31,17.15,23900,15.99
2012-05-07,16.57,16.76,16.28,16.64,30000,15.52
2012-05-04,17.06,17.15,16.39,16.59,37200,15.47
2012-05-03,16.83,17.66,16.83,17.18,30000,16.02
2012-05-02,16.95,17.29,16.69,16.93,23300,15.79
2012-05-01,16.94,17.51,16.66,17.02,35000,15.87
2012-04-30,17.64,17.64,16.60,16.92,36000,15.78
2012-04-27,16.90,17.54,16.65,17.50,24500,16.32
2012-04-26,16.91,17.00,16.51,16.80,19000,15.67
2012-04-25,16.73,17.20,16.73,16.92,25500,15.78
2012-04-24,16.05,16.60,16.05,16.57,9700,15.45
2012-04-23,16.07,16.45,15.97,16.10,35500,15.01
2012-04-20,16.16,16.53,15.91,16.46,40000,15.35
2012-04-19,16.13,16.49,15.64,15.70,29900,14.64
2012-04-18,16.18,16.42,15.89,16.04,41400,14.96
2012-04-17,15.95,16.64,15.89,16.23,22800,15.14
2012-04-16,15.55,15.93,15.55,15.77,15300,14.71
2012-04-13,15.85,15.86,15.52,15.53,17100,14.48
2012-04-12,15.80,16.31,15.76,15.95,16500,14.87
2012-04-11,15.73,15.86,15.53,15.84,15600,14.77
2012-04-10,16.01,16.05,15.51,15.53,31600,14.48
2012-04-09,16.02,16.35,16.00,16.00,21300,14.92
2012-04-05,16.30,16.66,16.30,16.33,19900,15.23
2012-04-04,16.59,16.78,16.28,16.30,22700,15.20
2012-04-03,16.76,17.05,16.61,16.80,18100,15.67
2012-04-02,16.15,16.91,16.15,16.87,32200,15.73
2012-03-30,16.46,16.58,16.15,16.17,28100,15.08
2012-03-29,16.46,16.46,16.06,16.33,13900,15.23
2012-03-28,16.84,16.94,16.39,16.64,32800,15.52
2012-03-27,16.95,17.15,16.63,16.77,13100,15.64
2012-03-26,16.77,17.05,16.51,16.98,32100,15.84
2012-03-23,16.00,16.74,15.76,16.64,18000,15.52
2012-03-22,16.00,16.13,15.62,15.87,28900,14.80
2012-03-21,16.47,16.58,16.16,16.18,15500,15.09
2012-03-20,16.64,16.71,16.17,16.35,18600,15.25
2012-03-19,16.69,17.12,16.68,16.78,20600,15.65
2012-03-16,17.03,17.06,16.60,16.69,44300,15.57
2012-03-15,17.12,17.12,16.65,16.95,12300,15.81
2012-03-14,17.02,17.10,16.77,17.04,28200,15.89
2012-03-13,16.52,17.15,16.31,17.10,24100,15.95
2012-03-12,16.21,16.38,15.97,16.33,16200,15.23
2012-03-09,16.05,16.74,16.05,16.36,25900,15.14
2012-03-08,15.76,16.12,15.50,16.05,14900,14.85
2012-03-07,15.45,15.73,15.44,15.69,26500,14.52
2012-03-06,15.43,15.72,15.38,15.42,22600,14.27
2012-03-05,15.30,15.69,15.22,15.67,29300,14.50
2012-03-02,15.94,16.09,15.31,15.32,52100,14.17
2012-03-01,16.33,16.58,15.90,15.92,23400,14.73
2012-02-29,16.98,17.14,16.34,16.36,34600,15.14
2012-02-28,17.14,17.22,16.91,16.98,13100,15.71
2012-02-27,17.02,17.36,16.91,17.22,11600,15.93
2012-02-24,17.75,17.75,17.01,17.23,53000,15.94
2012-02-23,17.36,17.74,17.33,17.74,15000,16.41
2012-02-22,17.79,17.82,17.30,17.30,22700,16.01
2012-02-21,17.98,17.98,17.56,17.77,21700,16.44
2012-02-17,17.98,17.99,17.75,17.97,17500,16.63
2012-02-16,17.51,17.90,17.51,17.90,21700,16.56
2012-02-15,17.63,17.69,17.40,17.42,28700,16.12
2012-02-14,17.51,17.72,17.45,17.59,19300,16.27
2012-02-13,17.80,17.81,17.51,17.81,7200,16.48
2012-02-10,17.54,17.82,17.50,17.55,71900,16.24
2012-02-09,17.89,17.89,17.63,17.79,15200,16.46
2012-02-08,17.66,17.90,17.45,17.88,14100,16.54
2012-02-07,17.67,17.75,17.55,17.66,7200,16.34
2012-02-06,17.80,17.80,17.36,17.57,11800,16.26
2012-02-03,17.89,17.89,17.58,17.86,45200,16.52
2012-02-02,17.45,17.74,17.40,17.61,20800,16.29
2012-02-01,17.21,17.45,17.08,17.45,35700,16.14
2012-01-31,17.12,17.23,16.99,17.10,20000,15.82
2012-01-30,17.11,17.22,16.93,16.97,13300,15.70
2012-01-27,16.92,17.25,16.88,17.19,17400,15.90
2012-01-26,17.32,17.32,16.75,17.07,31700,15.79
2012-01-25,17.06,17.34,16.95,17.24,15300,15.95
2012-01-24,16.83,17.31,16.79,17.15,26600,15.87
2012-01-23,16.58,16.91,16.52,16.80,23100,15.54
2012-01-20,16.24,16.73,16.24,16.52,24500,15.28
2012-01-19,16.30,16.32,16.21,16.25,7000,15.03
2012-01-18,16.30,16.30,16.25,16.26,16600,15.04
2012-01-17,16.39,16.39,16.10,16.14,44600,14.93
2012-01-13,16.24,16.49,16.24,16.24,22200,15.03
2012-01-12,16.84,16.84,16.20,16.56,10900,15.32
2012-01-11,16.17,16.50,16.03,16.50,34300,15.27
2012-01-10,16.36,16.54,16.13,16.41,19700,15.18
2012-01-09,16.16,16.22,15.86,16.07,35400,14.87
2012-01-06,16.35,16.35,16.00,16.18,25600,14.97
2012-01-05,16.15,16.57,16.03,16.30,22300,15.08
2012-01-04,16.25,16.40,16.24,16.30,10600,15.08
2012-01-03,16.60,16.64,16.37,16.40,21600,15.17
2011-12-30,16.57,16.57,16.10,16.14,27300,14.93
2011-12-29,16.58,16.73,16.45,16.62,39900,15.38
2011-12-28,16.78,16.78,16.40,16.47,28200,15.24
2011-12-27,16.71,16.80,16.56,16.76,10100,15.51
2011-12-23,16.95,17.00,16.66,16.78,5400,15.52
2011-12-22,16.88,16.94,16.80,16.88,21500,15.62
2011-12-21,16.49,16.94,16.25,16.80,43600,15.54
2011-12-20,16.27,16.81,16.27,16.67,49700,15.42
2011-12-19,16.27,16.27,15.73,15.91,28900,14.72
2011-12-16,16.25,16.45,15.99,16.05,68300,14.85
2011-12-15,15.99,16.25,15.50,16.25,20400,15.03
2011-12-14,14.58,15.87,14.58,15.53,66400,14.37
2011-12-13,15.29,15.42,14.54,14.79,36000,13.68
2011-12-12,15.21,15.82,14.92,15.13,68100,14.00
2011-12-09,15.31,15.72,15.31,15.53,53800,14.25
2011-12-08,16.13,16.13,15.21,15.26,39500,14.00
2011-12-07,16.54,16.54,15.94,16.25,28500,14.91
2011-12-06,16.55,16.81,16.20,16.68,57000,15.30
2011-12-05,16.50,16.60,16.16,16.59,24700,15.22
2011-12-02,16.59,16.59,16.26,16.41,13900,15.06
2011-12-01,16.49,16.66,15.65,16.27,28300,14.93
2011-11-30,15.79,16.73,15.25,16.65,64000,15.28
2011-11-29,15.36,15.45,15.01,15.09,25400,13.84
2011-11-28,15.30,15.48,14.23,15.35,41700,14.08
2011-11-25,15.13,15.57,14.92,15.00,18500,13.76
2011-11-23,15.68,15.78,15.07,15.20,39800,13.95
2011-11-22,16.21,16.35,15.83,15.83,16800,14.52
2011-11-21,16.39,16.69,16.24,16.24,24000,14.90
2011-11-18,16.66,17.10,16.56,16.74,21700,15.36
2011-11-17,16.58,17.08,16.46,16.70,26700,15.32
2011-11-16,16.50,17.24,16.26,16.50,35400,15.14
2011-11-15,16.26,16.78,16.12,16.75,14700,15.37
2011-11-14,16.80,16.82,16.26,16.35,32800,15.00
2011-11-11,16.41,16.93,16.34,16.90,32400,15.50
2011-11-10,16.36,16.45,16.01,16.19,20300,14.85
2011-11-09,16.40,16.75,16.02,16.03,35900,14.71
2011-11-08,16.47,17.00,15.99,16.94,21500,15.54
2011-11-07,16.25,16.46,15.88,16.36,24100,15.01
2011-11-04,16.35,16.46,15.93,16.25,23800,14.91
2011-11-03,16.30,16.85,15.70,16.69,38600,15.31
2011-11-02,15.89,16.15,15.47,16.06,25800,14.73
2011-11-01,15.75,17.26,15.41,15.52,56500,14.24
2011-10-31,16.44,16.98,16.20,16.38,54900,15.03
2011-10-28,16.92,17.06,16.65,16.81,51700,15.42
2011-10-27,16.38,17.10,15.58,17.04,81600,15.63
2011-10-26,16.01,16.67,15.63,16.18,30400,14.84
2011-10-25,16.39,16.39,15.62,15.76,31300,14.46
2011-10-24,16.17,16.67,15.84,16.61,37100,15.24
2011-10-21,16.01,16.14,15.70,16.13,27000,14.80
2011-10-20,15.58,15.80,15.26,15.69,14500,14.39
2011-10-19,15.94,15.94,15.53,15.69,28700,14.39
2011-10-18,15.45,16.19,15.20,16.02,57700,14.70
2011-10-17,15.77,15.85,15.21,15.32,35700,14.06
2011-10-14,15.59,16.01,14.43,16.00,38300,14.68
2011-10-13,15.37,15.42,15.07,15.39,21800,14.12
2011-10-12,15.54,15.54,15.29,15.52,46900,14.24
2011-10-11,15.46,15.70,15.28,15.47,33100,14.19
2011-10-10,14.94,15.66,14.52,15.65,39900,14.36
2011-10-07,15.46,15.46,14.44,14.59,33600,13.39
2011-10-06,15.17,15.49,14.86,15.40,49100,14.13
2011-10-05,14.98,15.43,14.73,15.27,38100,14.01
2011-10-04,13.57,15.19,12.18,15.01,99300,13.77
2011-10-03,14.14,14.46,13.62,13.64,69100,12.51
2011-09-30,13.98,14.42,13.98,14.26,38500,13.08
2011-09-29,14.30,14.39,13.72,14.24,18500,13.06
2011-09-28,14.76,14.92,13.79,13.90,42600,12.75
2011-09-27,15.02,15.09,14.35,14.74,32600,13.52
2011-09-26,14.45,14.77,14.00,14.71,25100,13.50
2011-09-23,13.91,14.45,13.75,14.35,35900,13.17
2011-09-22,13.63,14.18,13.63,13.89,65200,12.74
2011-09-21,14.14,14.23,13.75,13.82,45100,12.68
2011-09-20,15.10,15.33,14.07,14.10,48500,12.94
2011-09-19,15.01,15.28,14.70,15.08,22100,13.84
2011-09-16,15.28,15.37,15.02,15.32,48600,14.06
2011-09-15,15.08,15.28,14.91,15.17,25400,13.92
2011-09-14,14.56,15.35,14.40,15.09,33700,13.84
2011-09-13,14.43,14.92,14.15,14.49,16200,13.18
2011-09-12,13.86,14.48,13.75,14.42,15400,13.12
2011-09-09,14.21,14.54,14.05,14.15,39300,12.87
2011-09-08,14.68,14.98,14.37,14.45,21900,13.15
2011-09-07,14.41,15.14,14.41,14.97,32400,13.62
2011-09-06,13.88,14.25,13.66,14.13,39700,12.86
2011-09-02,14.69,15.08,14.25,14.33,52600,13.04
2011-09-01,15.69,15.96,15.00,15.04,37400,13.68
2011-08-31,16.29,16.29,15.48,15.76,65000,14.34
2011-08-30,15.97,16.28,15.44,16.21,28500,14.75
2011-08-29,15.88,16.27,15.88,16.09,35000,14.64
2011-08-26,15.06,15.94,14.98,15.69,61300,14.28
2011-08-25,16.15,16.43,15.18,15.22,68900,13.85
2011-08-24,15.21,16.05,15.10,16.03,34900,14.58
2011-08-23,14.51,15.28,14.47,15.28,40200,13.90
2011-08-22,14.99,14.99,14.26,14.46,18300,13.16
2011-08-19,14.10,14.71,14.10,14.55,49500,13.24
2011-08-18,14.84,14.99,14.21,14.29,85200,13.00
2011-08-17,15.19,15.34,15.00,15.03,19300,13.68
2011-08-16,15.12,15.26,14.42,15.13,47200,13.77
2011-08-15,15.17,15.57,15.00,15.35,27900,13.97
2011-08-12,15.31,15.50,14.90,14.98,57100,13.63
2011-08-11,14.30,15.38,14.30,15.15,62200,13.78
2011-08-10,15.49,15.49,14.11,14.21,126300,12.93
2011-08-09,15.02,16.46,14.73,15.95,99000,14.51
2011-08-08,15.32,15.99,14.52,14.62,116600,13.30
2011-08-05,16.48,16.72,15.80,15.94,34900,14.50
2011-08-04,16.98,16.98,16.25,16.27,63300,14.80
2011-08-03,16.48,17.06,16.36,17.04,42200,15.50
2011-08-02,16.70,16.91,16.47,16.50,36700,15.01
2011-08-01,17.04,17.10,16.73,16.77,33400,15.26
2011-07-29,16.88,17.08,16.61,16.77,37300,15.26
2011-07-28,16.65,17.15,16.28,17.05,33400,15.51
2011-07-27,17.13,17.29,16.50,16.66,77800,15.16
2011-07-26,17.33,17.40,17.11,17.17,16400,15.62
2011-07-25,17.56,17.60,17.33,17.37,23700,15.80
2011-07-22,17.80,17.80,17.60,17.68,31700,16.09
2011-07-21,17.50,17.80,17.50,17.79,46900,16.19
2011-07-20,17.60,17.69,17.24,17.36,28800,15.79
2011-07-19,17.30,17.66,17.20,17.62,47600,16.03
2011-07-18,17.47,17.55,17.10,17.19,40900,15.64
2011-07-15,17.39,17.67,17.32,17.47,50800,15.90
2011-07-14,17.71,17.98,17.21,17.37,39400,15.80
2011-07-13,17.76,17.90,17.51,17.60,47700,16.01
2011-07-12,17.41,17.73,17.41,17.52,58500,15.94
2011-07-11,17.50,17.75,17.35,17.45,96000,15.88
2011-07-08,17.05,17.48,16.92,17.43,56600,15.86
2011-07-07,16.90,17.65,16.74,17.21,177300,15.66
2011-07-06,16.48,16.64,16.10,16.60,77400,15.10
2011-07-05,16.37,16.37,15.97,16.01,29700,14.57
2011-07-01,16.49,16.61,16.26,16.40,49800,14.92
2011-06-30,16.42,16.59,16.28,16.42,27000,14.94
2011-06-29,16.41,16.46,16.17,16.34,26900,14.87
2011-06-28,16.31,16.47,16.13,16.41,29900,14.93
2011-06-27,16.02,16.33,15.84,16.28,63100,14.81
2011-06-24,15.79,16.19,15.75,16.10,120900,14.65
2011-06-23,15.90,15.94,15.57,15.79,83300,14.37
2011-06-22,16.37,16.50,16.07,16.09,30300,14.64
2011-06-21,16.44,16.64,16.16,16.44,40500,14.96
2011-06-20,16.28,16.50,16.14,16.29,28400,14.82
2011-06-17,16.06,16.39,16.06,16.30,79300,14.83
2011-06-16,15.64,16.11,15.54,15.89,56300,14.46
2011-06-15,15.58,15.79,15.47,15.53,23000,14.13
2011-06-14,15.79,16.09,15.63,15.89,38400,14.35
2011-06-13,15.65,15.75,15.22,15.65,42700,14.13
2011-06-10,15.45,15.64,15.20,15.44,29800,13.94
2011-06-09,15.52,15.71,15.45,15.49,24100,13.99
2011-06-08,15.20,15.53,15.20,15.46,108900,13.96
2011-06-07,15.54,15.59,15.21,15.22,30100,13.74
2011-06-06,15.36,15.87,15.22,15.33,77800,13.84
2011-06-03,15.36,15.75,15.25,15.31,35000,13.82
2011-06-02,15.54,15.90,15.41,15.54,106600,14.03
2011-06-01,16.24,16.36,15.48,15.52,47000,14.01
2011-05-31,16.41,16.64,16.09,16.33,42400,14.75
2011-05-27,16.02,16.25,16.02,16.20,5600,14.63
2011-05-26,15.45,15.91,15.34,15.90,43700,14.36
2011-05-25,15.50,15.63,15.50,15.50,84000,14.00
2011-05-24,15.86,16.04,15.52,15.54,29400,14.03
2011-05-23,15.81,16.13,15.73,15.74,23200,14.21
2011-05-20,16.02,16.27,15.92,16.11,48000,14.55
2011-05-19,16.09,16.23,15.81,16.15,22500,14.58
2011-05-18,15.58,16.06,15.50,15.97,33400,14.42
2011-05-17,15.27,15.69,15.25,15.55,41700,14.04
2011-05-16,15.36,15.51,15.21,15.35,34500,13.86
2011-05-13,16.12,16.12,15.27,15.51,66000,14.01
2011-05-12,16.00,16.32,15.87,16.09,24200,14.53
2011-05-11,16.73,16.73,16.00,16.07,37600,14.51
2011-05-10,16.17,16.83,16.07,16.80,30500,15.17
2011-05-09,16.30,16.30,15.83,16.10,32000,14.54
2011-05-06,16.63,16.63,16.25,16.29,121000,14.71
2011-05-05,16.43,16.79,16.15,16.41,30100,14.82
2011-05-04,16.59,16.59,16.40,16.55,29000,14.94
2011-05-03,16.55,16.72,16.48,16.58,27000,14.97
2011-05-02,17.00,17.07,16.55,16.55,52000,14.94
2011-04-29,17.07,17.15,16.81,17.00,55000,15.35
2011-04-28,16.99,17.39,16.99,17.04,44000,15.39
2011-04-27,16.55,16.97,16.53,16.96,25000,15.31
2011-04-26,16.41,16.79,16.37,16.55,23900,14.94
2011-04-25,16.34,16.34,16.20,16.33,19100,14.75
2011-04-21,16.51,16.51,16.13,16.34,14400,14.75
2011-04-20,16.35,16.47,16.09,16.39,34200,14.80
2011-04-19,16.43,16.46,16.04,16.11,40700,14.55
2011-04-18,16.48,16.67,16.23,16.38,26700,14.79
2011-04-15,16.83,17.01,16.52,16.78,37600,15.15
2011-04-14,16.53,16.94,16.33,16.87,30100,15.23
2011-04-13,16.93,17.00,16.37,16.73,57300,15.11
2011-04-12,16.86,16.97,16.65,16.79,20000,15.16
2011-04-11,17.18,17.33,16.82,17.01,37800,15.36
2011-04-08,17.65,17.77,17.14,17.19,33300,15.52
2011-04-07,17.69,17.93,17.42,17.51,22000,15.81
2011-04-06,17.70,17.78,17.58,17.73,43000,16.01
2011-04-05,17.66,17.78,17.53,17.61,33500,15.90
2011-04-04,17.70,17.80,17.50,17.77,67400,16.05
2011-04-01,17.71,17.80,17.27,17.72,82900,16.00
2011-03-31,17.99,18.01,17.46,17.52,207100,15.82
2011-03-30,17.72,18.03,17.70,17.96,68500,16.22
2011-03-29,17.38,17.68,17.32,17.64,29500,15.93
2011-03-28,17.67,17.86,17.36,17.37,41900,15.68
2011-03-25,17.39,17.64,17.36,17.63,43700,15.92
2011-03-24,17.49,17.58,17.27,17.32,38400,15.64
2011-03-23,17.42,17.48,17.22,17.33,38100,15.65
2011-03-22,17.58,17.58,17.31,17.43,22700,15.74
2011-03-21,17.38,17.57,17.17,17.56,93300,15.86
2011-03-18,17.09,17.20,16.95,17.17,87800,15.50
2011-03-17,17.15,17.15,16.69,16.92,26700,15.28
2011-03-16,17.00,17.39,16.67,16.83,94200,15.20
2011-03-15,16.64,17.22,16.63,16.99,90400,15.34
2011-03-14,17.08,17.43,16.91,17.22,63500,15.55
2011-03-11,17.05,17.33,17.00,17.27,95200,15.59
2011-03-10,16.81,17.21,16.63,17.14,1001000,15.48
2011-03-09,16.90,16.92,16.50,16.79,56300,15.16
2011-03-08,17.00,17.25,16.40,16.89,92700,15.25
2011-03-07,18.90,18.90,18.14,18.14,21400,16.38
2011-03-04,19.16,19.16,18.58,18.79,9300,16.97
2011-03-03,18.95,19.22,18.82,19.22,14500,17.36
2011-03-02,18.98,18.98,18.53,18.89,10800,16.97