2013-03-08,834.50,834.92,825.05,831.52,2911900,831.52
2013-03-07,834.06,836.62,829.58,832.60,2052700,832.60
2013-03-06,841.03,844.00,828.81,831.38,2873000,831.38
2013-03-05,828.93,840.15,828.90,838.60,4044100,838.60
2013-03-04,805.30,822.84,805.00,821.50,2775600,821.50
2013-03-01,797.80,807.14,796.15,806.19,2175400,806.19
2013-02-28,801.10,806.99,801.03,801.20,2265800,801.20
2013-02-27,794.80,804.75,791.11,799.78,2026100,799.78
2013-02-26,795.00,795.95,784.40,790.13,2202500,790.13
2013-02-25,802.30,808.41,790.49,790.77,2303900,790.77
2013-02-22,799.26,801.25,793.80,799.71,2053900,799.71
2013-02-21,798.00,805.45,791.22,795.53,3506400,795.53
2013-02-20,805.30,808.97,791.79,792.46,2764200,792.46
2013-02-19,795.99,807.00,795.28,806.85,2931800,806.85
2013-02-15,787.40,793.26,787.07,792.89,2729800,792.89
2013-02-14,779.73,788.74,777.77,787.82,1735300,787.82
2013-02-13,780.13,785.35,779.97,782.86,1198200,782.86
2013-02-12,781.75,787.90,779.37,780.70,1859000,780.70
2013-02-11,778.40,783.00,773.75,782.42,2167700,782.42
2013-02-08,780.13,786.67,779.56,785.37,3020100,785.37
2013-02-07,769.70,778.81,765.50,773.95,2840200,773.95
2013-02-06,759.07,772.96,758.50,770.17,2078100,770.17
2013-02-05,761.13,771.11,759.47,765.74,1870700,765.74
2013-02-04,767.69,770.47,758.27,759.02,3040500,759.02