2014-05-19,71.64,72.24,70.81,71.64,110300,71.64
2014-05-16,71.29,72.00,70.82,71.70,67800,71.70
2014-05-15,72.75,72.75,71.35,71.51,76500,71.51
2014-05-14,74.02,74.02,72.74,73.11,63100,73.11
2014-05-13,75.30,75.30,73.65,74.01,85900,74.01
2014-05-12,74.18,75.45,74.18,75.16,82000,75.16
2014-05-09,73.79,74.48,73.32,74.22,157000,74.22
2014-05-08,73.04,74.73,73.04,73.90,113700,73.90
2014-05-07,73.78,73.78,72.27,73.49,91400,73.49
2014-05-06,73.65,74.40,72.94,73.29,89600,73.29
2014-05-05,74.21,74.24,73.21,74.09,45100,74.09
2014-05-02,72.93,74.20,71.62,73.78,104700,73.78
2014-05-01,73.11,73.99,72.71,73.17,28500,73.17
2014-04-30,72.98,74.99,72.12,73.33,69800,73.33
2014-04-29,72.69,73.85,71.70,73.04,88100,73.04
2014-04-28,72.45,72.97,71.17,72.81,120600,72.81
2014-04-25,71.93,73.08,71.76,72.51,129200,72.51
2014-04-24,74.95,75.60,70.79,72.51,184300,72.51
2014-04-23,76.06,76.65,74.97,75.65,36500,75.65
2014-04-22,75.64,76.46,75.60,76.02,26100,76.02
2014-04-21,75.55,76.08,74.89,75.62,79700,75.62
2014-04-17,74.65,76.64,74.57,75.44,126100,75.44
2014-04-16,74.50,75.13,73.20,74.72,39800,74.72
2014-04-15,73.83,74.14,72.95,73.89,46300,73.89
2014-04-14,73.36,74.60,73.36,73.57,30900,73.57
2014-04-11,73.57,74.48,72.73,73.30,64800,73.30
2014-04-10,76.08,76.50,73.71,73.87,94400,73.87
2014-04-09,76.09,76.80,75.47,76.45,71800,76.45
2014-04-08,76.43,76.50,74.54,76.09,96100,75.92
2014-04-07,77.15,77.15,75.50,76.38,33400,76.21
2014-04-04,78.92,78.92,76.95,77.25,30400,77.08
2014-04-03,79.10,79.17,77.86,78.58,21800,78.40
2014-04-02,79.93,80.00,76.50,79.08,43600,78.90
2014-04-01,79.31,79.98,78.10,79.85,49500,79.67
2014-03-31,77.32,79.27,77.03,79.02,58700,78.84
2014-03-28,77.78,79.16,77.06,77.17,63100,77.00
2014-03-27,78.39,79.08,77.71,77.78,36900,77.61
2014-03-26,78.68,79.31,78.14,78.19,46600,78.02
2014-03-25,79.29,79.94,78.61,78.66,26000,78.48
2014-03-24,80.63,80.63,78.95,79.38,26200,79.20
2014-03-21,81.13,81.29,80.03,80.58,86100,80.40
2014-03-20,80.67,81.26,80.41,80.97,44100,80.79
2014-03-19,82.38,82.54,80.53,80.81,33300,80.63
2014-03-18,81.89,82.80,81.30,82.31,80900,82.13
2014-03-17,81.31,82.02,81.00,81.63,71700,81.45
2014-03-14,80.72,82.02,80.33,80.91,66100,80.73
2014-03-13,82.00,82.96,80.50,80.78,76100,80.60
2014-03-12,81.75,82.11,81.05,82.02,46400,81.84
2014-03-11,81.92,82.98,81.30,82.30,86900,82.12
2014-03-10,82.30,82.41,81.46,82.07,72700,81.89
2014-03-07,82.70,83.00,81.97,82.25,84500,82.07
2014-03-06,82.92,82.92,82.11,82.72,85200,82.54
2014-03-05,82.31,83.11,82.31,82.65,62200,82.47
2014-03-04,82.91,83.58,82.35,83.12,83500,82.93
2014-03-03,82.78,83.25,81.64,82.42,111000,82.24
2014-02-28,82.56,83.83,82.56,83.66,124800,83.47
2014-02-27,82.39,82.92,81.51,82.66,84800,82.48
2014-02-26,83.00,83.00,82.28,82.60,61800,82.42
2014-02-25,83.63,84.00,82.24,82.80,153600,82.62
2014-02-24,83.39,84.05,83.18,83.26,109400,83.07
2014-02-21,82.53,83.28,81.94,83.15,79200,82.96
2014-02-20,81.72,82.60,81.30,82.30,95300,82.12
2014-02-19,81.00,81.90,80.58,81.37,183200,81.19
2014-02-18,80.71,81.82,80.36,81.51,109000,81.33
2014-02-14,81.47,81.63,80.68,81.05,89800,80.87
2014-02-13,77.93,81.88,77.41,81.30,163400,81.12
2014-02-12,77.64,79.94,77.64,79.15,128300,78.97
2014-02-11,77.84,78.39,77.75,77.96,58500,77.79
2014-02-10,77.83,78.27,77.32,77.96,99500,77.79
2014-02-07,77.14,77.68,76.91,77.57,148800,77.40
2014-02-06,75.54,77.26,75.50,76.55,138900,76.38
2014-02-05,75.00,75.73,74.57,75.31,144400,75.14
2014-02-04,74.30,75.66,74.09,75.12,140400,74.95
2014-02-03,76.92,77.58,73.97,73.98,138600,73.81
2014-01-31,76.65,78.02,76.07,77.20,241900,77.03
2014-01-30,77.55,78.19,77.23,77.25,136900,77.08
2014-01-29,77.05,77.90,76.95,77.34,104200,77.17
2014-01-28,77.33,77.48,76.94,77.36,97300,77.19
2014-01-27,78.31,78.83,77.06,77.31,81800,77.14
2014-01-24,79.06,79.50,77.80,78.30,104300,78.13
2014-01-23,79.25,79.66,78.44,79.22,99000,79.04
2014-01-22,79.32,80.07,79.18,79.61,105500,79.43
2014-01-21,78.59,79.70,78.15,78.99,65100,78.81
2014-01-17,77.70,78.27,77.64,78.01,41200,77.84
2014-01-16,77.83,78.13,77.36,77.91,78000,77.74
2014-01-15,78.00,78.49,77.79,77.93,64700,77.76
2014-01-14,78.28,78.72,77.76,77.98,106500,77.81
2014-01-13,79.06,79.58,77.66,78.27,113500,78.10
2014-01-10,78.17,79.71,77.95,79.18,152800,79.00
2014-01-09,78.30,78.55,77.50,77.87,116700,77.70
2014-01-08,78.42,78.42,77.69,78.01,65100,77.84
2014-01-07,78.73,78.96,78.10,78.22,42300,77.88
2014-01-06,78.66,78.83,78.03,78.34,128600,78.00
2014-01-03,78.67,78.81,78.00,78.39,52700,78.04
2014-01-02,78.34,78.48,77.71,78.25,69800,77.91
2013-12-31,79.35,79.36,78.01,78.09,53100,77.75
2013-12-30,78.44,79.61,77.90,79.37,70100,79.02
2013-12-27,80.12,80.18,78.69,78.73,51000,78.38
2013-12-26,80.20,80.40,79.58,79.77,71100,79.42
2013-12-24,79.79,80.11,79.50,79.89,34000,79.54
2013-12-23,79.49,80.20,79.25,79.95,102400,79.60
2013-12-20,78.33,79.69,77.81,79.25,189700,78.90
2013-12-19,77.96,78.40,77.79,78.04,93900,77.70
2013-12-18,78.05,78.36,76.90,77.83,203600,77.49
2013-12-17,78.73,78.73,77.80,78.17,103100,77.83
2013-12-16,79.00,79.25,78.44,78.50,216700,78.15
2013-12-13,78.84,79.50,78.34,78.51,100700,78.16
2013-12-12,78.34,78.70,77.00,78.51,1682800,78.16